40.0000
39.1500
42.3700
38.0000
50.0000
39.1800
55.0000
45.0000
39.0000
42.0000
43.0000
40.1500
35.0000
33.0000
50.0000
35.0000
32.0000
38.0000
42.0000
37.0000
39.0000
35.0000
38.0000
39.0000
36.9310
39.7598
42.1643
38.0729
38.6391
39.8171
49.1912
38.0028
39.9323
35.4466
42.1919
50.5279
35.0113
34.7786
39.1179
35.4053
34.9961
43.1151
55.1727
38.9695
55.2069
42.6263
37.9866
40.0428
54.9161
32.6270
39.6668
37.2775
55.8773
54.5204
50.4250
42.1697
38.4777
32.2311
41.8135
36.9594
35.3435
34.7197
39.5081
39.5432
42.3388
37.7696
41.4791
36.4176
38.9263
39.6411
38.0891
42.2654
42.9228
39.5408
42.9752
34.3011
54.6812
38.5829
39.4361
34.9335
42.0258
48.8730
35.1705
40.2449
31.7285
34.5982
37.7507
38.7216
37.8414
39.3192
45.3178
39.8198
39.0854
32.6193
