70.0000
65.0000
72.0000
70.0000
68.0000
75.0000
72.0000
74.0000
65.0000
79.0000
80.0000
69.0000
65.0000
63.0000
68.0000
67.0000
71.0000
75.0000
72.0000
69.4000
71.0000
74.0000
66.0000
61.0000
63.0000
64.9332
71.3830
74.2890
70.0083
74.9098
68.9679
66.0189
74.2294
65.1812
70.9056
69.1412
80.1840
69.1056
71.5403
71.1797
70.3686
66.7396
68.3905
65.8382
71.8039
73.8199
62.9871
68.9966
64.2367
75.6067
74.5182
63.0898
70.8020
67.5158
60.7454
75.3145
74.5126
66.0112
69.1988
79.3201
65.1255
75.0711
70.6597
64.7066
69.5514
66.2143
80.2602
61.3846
74.8743
71.3607
65.0704
65.6341
74.6611
73.3732
79.0523
71.9909
67.6020
68.2566
74.6443
73.9254
69.5148
61.3710
63.1804
75.1628
69.9671
74.2196
74.9857
69.7253
71.4531
67.9349
67.8602
78.6054
73.7671
71.3978
68.1517
