17.0000
16.0000
15.0000
16.0000
20.0000
20.0000
18.0000
19.0000
15.0000
14.0000
14.0000
16.0000
12.0000
10.0000
18.0000
13.0000
14.0000
16.0000
10.0000
8.0000
12.0000
14.0000
13.0000
15.0000
14.0000
12.8996
12.8954
13.3482
15.8867
17.7208
16.0205
8.5210
12.4932
15.8325
13.6819
18.7873
17.8979
17.8660
15.6425
16.1027
16.8604
17.3515
14.1574
18.6617
9.8077
14.2750
15.1483
8.1143
17.9977
14.2416
13.6205
14.9254
12.8749
19.5411
17.8029
13.0515
8.1322
13.4272
15.9657
20.6582
16.8807
14.0310
14.3690
20.1269
13.0476
21.2922
13.9791
9.4244
12.9774
13.5657
16.4510
14.1022
18.0943
18.0797
19.5993
16.9496
16.4777
15.9445
17.4492
14.2681
15.4810
16.0827
15.1982
13.7345
19.4982
15.9219
19.2469
16.7250
13.4279
7.6492
15.4181
8.2009
13.8908
16.4744
13.6734
