110.0000
112.0000
113.0000
111.5000
115.0000
110.1000
108.0000
113.0000
115.0000
110.0000
99.1000
98.0000
116.5000
113.1000
112.1000
110.5000
105.0000
99.0000
100.0000
112.0000
110.0000
130.0000
114.0000
108.2003
116.1502
114.7983
111.5947
111.6649
114.0825
113.2269
107.9319
109.8366
109.7046
113.0326
113.9682
109.5522
110.4413
111.7764
116.4372
115.0808
112.9753
110.1023
115.1821
112.2985
111.8754
108.1417
113.3315
115.7329
111.0610
111.9428
98.0764
100.1712
112.1715
110.8479
109.8625
107.6537
110.0507
99.5331
113.2641
115.0243
112.2578
100.1190
113.4806
115.9488
112.1032
97.5976
98.9805
113.2311
112.0765
130.2923
115.8975
97.9357
130.3642
113.1372
113.2913
97.4300
114.6878
99.3274
99.3094
110.1758
113.6239
116.0330
110.0362
112.6010
112.9543
111.7987
103.9555
104.9052
110.3305
112.3734
113.5066
98.5085
111.7529
