0.0055935813868615075 0.3160350064622214
0.02477688859964324 0.3791846924226225
0.044296745061772023 0.44226386713032906
0.0631435030252067 0.5390684780254354
0.08232681023798843 0.6358025776678461
0.10117356820142312 0.7326071885629518
0.11968377691551077 0.8966511380747721
0.1381939856295984 1.060695087586594
0.15670419434368604 1.1911546234164017
0.17487785380842663 1.3888534978629297
0.1923784147744731 1.620277808496856
0.21021552498986668 1.8180471941960736
0.22838918445460726 2.0157460686425988
0.24588974542065373 2.2807547929585335
0.26204410938931205 2.6467988033312793
0.28156396585144083 2.709877978038983
0.21560031297941945 11.287723672479698
0.19002257002904377 15.860562788437848
0.20079214600814932 16.765085597765868
0.20382108925227277 18.4436716805921
0.20180179375619045 20.694250464802927
0.20281144150423158 22.574766097237386
0.20954242649117255 23.91673241946387
0.21156172198725487 25.696283277094217
0.21627341147811352 27.27376356261094
0.2216581994676663 28.683180757212234
0.22132165021831923 30.69831608938551
0.22906228295330133 31.90573322312588
0.23141812769873066 33.68521356950353
0.23377397244416004 35.43110950219917
0.23949530968305982 36.874040599229765
0.24420699917391853 38.417936471064486
0.24925523791412424 39.89459300428249
0.24454354842326553 42.380826774288934
0.24723594241804192 44.09306778204988
0.25228418115824763 45.60330872894989
0.25733241989845335 47.079965262167896
0.261707560139965 48.65751605893731
0.26608270038147663 50.20148244202473
0.26776544662821183 52.04827263827179
0.27382333311645873 53.39037998300367
0.2808908673527467 54.73227579397746
0.28795840158903474 56.00700277758724
0.2953624850746698 57.2480748362623
0.3010838223135696 58.69100593329291
0.3024300193109578 60.50428222711065
0.3027665685603048 62.48569212309654
0.3064686103031224 64.09696835605335
0.3121899475420222 65.53989945308396
0.3192574817783102 66.81462643669374
0.3192574817783102 66.51236671355564
0.3142092430381045 65.00212576665564
0.30848790579920465 63.592779083307036
0.3017569208122637 62.28439717476256
0.29435283732662865 61.00974070240548
0.2872853030903406 59.7014293051137
0.28156396585144083 58.2920826217651
0.27483298086449987 57.01728512690263
0.2674288973788648 55.742628654545555
0.2613710108906179 54.366936896131655
0.25464002590367696 53.02497057390518
0.2482455901660831 51.68293374042599
0.2421877036778362 50.27365756833009
0.2357932679402423 48.898036321168895
0.2293988322026484 47.555999487689725
0.2230043964650545 46.21396265421053
0.21660996072746058 44.87192582073134
0.2098789757405196 43.529959498504866
0.20382108925227277 42.120683326408965
0.19742665351467886 40.778646492929774
0.1906956685277379 39.470264584385305
0.18396468354079692 38.128298262158815
0.17790679705255008 36.75260650374492
0.17151236131495617 35.41056967026575
0.1647813763280152 34.068603348039254
0.1583869405904213 32.72656651456007
0.1519925048528274 31.38452968108089
0.14526151986588642 30.008978945172387
0.13886708412829252 28.666942111693206
0.1324726483906986 27.29132086453201
0.12574166340375764 25.98293895598753
0.11934722766616372 24.607317708826336
0.11261624267922275 23.29893580028186
0.1058852576922818 21.956969478055377
0.09982737120403494 20.58127771964148
0.09343293546644102 19.205656472480296
0.08670195047950006 17.89727456393581
0.07997096549255911 16.521723828027316
0.07357652975496519 15.213271408230144
0.06718209401737128 13.837650161068948
0.06045110903043032 12.52926825252447
0.054056673292836414 11.153647005363277
0.04732568830589545 9.8452650968188
0.04093125256830154 8.469643849657608
0.034200267581360584 7.127677527431117
0.027469282594419626 5.78571120520463
0.020738297607478664 4.477329296660151
0.014007312620537705 3.1353629744336633
0.007276327633596747 1.826981065889184
8.818918960028362E-4 0.45135981872799114
-0.005849093090938123 -0.8906065034984972
-0.012580078077879081 -2.2325728257249855
-0.018974513815472993 -3.5746096592041683
-0.026042048051761 -4.8829210564959515
-0.03243648378935491 -6.258542303657144
-0.03916746877629587 -7.533339798519614
-0.046235003012583875 -8.841651195811398
-0.05296598799952484 -10.183617518037885
-0.06003352223581284 -11.45834450164766
-0.06710105647210085 -12.733071485257433
-0.07416859070838885 -14.074967296231229
-0.08089957569532982 -15.383349204775703
-0.08796710993161783 -16.691660602067486
-0.09436154566921173 -18.033697435546674
-0.10142907990549974 -19.342008832838456
-0.1081600648924407 -20.65039074138293
-0.11522759912872871 -21.992286552356724
-0.12263168261436376 -23.233358611031797
-0.12936266760130471 -24.541740519576276
-0.13609365258824568 -25.88370684180276
-0.14282463757518665 -27.192088750347242
-0.14955562256212762 -28.53405507257373
-0.15695970604776266 -29.775127131248794
-0.16470033878274476 -31.016128678671176
-0.173450619265768 -32.12258103760742
-0.18051815350205602 -33.43089243489921
-0.18792223698769106 -34.67196449357428
-0.19566286972267316 -35.91296604099664
-0.27811743581269993 -29.648989839232545
-0.5184135998464922 -7.634438256773913
-0.5392796533060091 -7.562897731742802
-0.5534147217785852 -8.130871291723762
-0.56654014250312 -8.799809626508859
-0.5766366199835314 -9.805226699388303
-0.5907716884561075 -10.406784673051273
-0.6059164046767246 -10.873793458228143
-0.6045702076793364 -12.989893565205534
-0.6207245716479948 -13.389521989260277
-0.6489947085931468 -12.543988701983656
-0.6664952695591932 -12.775413012617587
-0.6772648455382988 -13.713520235627618
-0.6893806185147925 -14.449838931534808
-0.7112563197223506 -14.310918045381593
-0.7381802596701145 -13.600004457843784
-0.7482767371505259 -14.571837117041207
-0.7795758173398014 -13.456993919034243
-0.7842875068306601 -14.967305377186957
-0.8108748975290768 -14.323631128265855
-0.8324140494872879 -14.151196339683326
-0.8623669326791752 -13.137388427733176
-0.8620303834298281 -12.902368043211808
-0.846885667209211 -12.40177484435293
-0.8357795419807584 -11.4973225462776
-0.826019613749694 -10.491834962145475
-0.805153560290177 -10.596959900858595
-0.7826047605839248 -10.83677505056323
-0.7725082831035134 -9.864942391365807
-0.762411805623102 -8.85952531848636
-0.748613286399873 -8.224312419888669
-0.7311127254338264 -7.992888109254748
-0.7169776569612505 -7.424914549273775
-0.7048618839847567 -6.655011439684578
-0.6900537170134866 -6.120763315890998
-0.672216606798093 -5.922993930191789
-0.6547160458320466 -5.657985205875849
-0.6348596401205707 -5.662145369784855
-0.6126473896636656 -5.901890008236799
-0.6001950674378248 -5.132057409900292
-0.5843772527185136 -4.732358474592835
-0.5715883812433258 -3.99618080119103
-0.5544243695266263 -3.6975171519403993
-0.5362507100618857 -3.53340269117588
-0.5113460656102041 -4.042386729105463
-0.49990339113240456 -3.1715893559648434
-0.4813931824183169 -3.007545406453022
-0.4645657199509645 -2.7088112459496827
-0.44672860973557094 -2.5110418602504683
-0.43057424576691267 -2.144997849877722
-0.4124005863021721 -1.9472989754311942
-0.39389037758808443 -1.8168394396013865
-0.37571671812334384 -1.6191405651548585
-0.3565334109105621 -1.5224064655124492
-0.33600390670039215 -1.5938764792908677
-0.31480130399152817 -1.6654875155746762
-0.2962910952774405 -1.535027979744863
-0.27677123881531174 -1.4719488050371599
-0.25859757935057115 -1.3078343442726403
-0.23941427213778937 -1.2111002446302366
-0.2219137111717429 -0.9796759339963075
-0.20374005170700232 -0.8155614732317934
-0.18556639224226174 -0.6178625987852682
-0.16705618352817408 -0.45381864927344917
-0.14854597481408643 -0.32335911344363866
-0.12969921685065178 -0.15938567518450908
-0.11017936038852298 -0.12989091415881587
-0.0913326024250883 -0.033086303263708816
-0.07248584446165361 0.06371830763139685
-0.05296598799952484 0.1267974823391034
-0.033446131537396055 0.18987665704680926
-0.014262824324614322 0.2530263430072103
0.0055935813868615075 0.3160350064622214
0.02511343784899029 0.34552976748791764
0.04463329431111907 0.4086089421956242
0.06415315077324785 0.43810370322132086
0.08367300723537663 0.5011828779290267
0.10352941294685246 0.4970227140200178
0.12304926940898124 0.560101888727725
0.14256912587111004 0.6231810634354296
0.16175243308389176 0.6863307493958304
0.18127228954602054 0.749409924103539
0.20079214600814932 0.7789046851292336
0.2203120024702781 0.8419838598369395
0.23983185893240688 0.8714786208626368
0.25329382890628876 1.5067620307130214
0.2435339006752244 4.497819674740045
0.23411052169350705 7.455222393832361
0.24151460517914214 8.69629445250743
0.25228418115824763 9.634401675517463
0.261707560139965 10.707128598266314
0.26002481389322973 12.823299216496403
0.25093798416085944 15.780631424336029
0.25026488566216537 17.829421681444007
0.25228418115824763 19.64255695275636
0.2603613631425768 20.84990357524403
0.26069791239192386 22.797729057547897
0.27012129137364116 23.870455980296757
0.26069791239192386 26.794274285707065
0.27012129137364116 27.833416794773903
0.2744964316151528 29.377383177861315
0.2771888256099292 31.123208599304267
0.2849294583449113 32.33062573304462
0.28526600759425835 34.27845121534849
0.28930459858642293 35.88965693705262
0.2886315000877288 37.9384471941606
0.29098734483315813 39.68434312685625
0.29569903432401684 41.26182341237297
0.29738178057075204 43.10861360862004
0.3081513565498576 44.013136417948054
0.3192574817783102 44.88400430234137
0.32262297427178066 46.562519873914916
0.3169016370328808 49.11613400504346
0.3081513565498576 52.006226874266375
0.3091610042978987 53.886742506700834
0.31757473553157495 55.02684979057178
0.3232960727704748 56.46978088760238
0.32800776226133344 57.9800923457551
0.3354118457469685 59.22116440443017
0.3354118457469685 61.20264481166874
0.3360849442456626 63.150399782719916
0.3404600844871742 64.69436616580732
0.33709459199370373 64.76224010569831
0.3300270577574157 63.453928708406515
0.324642269767863 61.977342686441204
0.3169016370328808 60.736341139018826
0.3091610042978987 59.52892400527847
0.3014203715629166 58.3215068715381
0.2940162880772816 57.080434812863025
0.2876218523396877 55.70481356570185
0.28190051510078784 54.295466882353246
0.27483298086449987 53.02073989874347
0.2691116436256 51.57780880171288
0.26204410938931205 50.3030818181031
0.254976575153024 48.994770420811314
0.2482455901660831 47.65280409858482
0.24117805592979508 46.37807711497505
0.23512016944154823 45.002385356561156
0.22771608595591314 43.72772888420408
0.22064855171962516 42.4194174869123
0.21425411598203126 41.07738065343312
0.20785968024443735 39.73534381995393
0.20112869525749638 38.393377497727435
0.19507080876924948 37.01768573931356
0.18901292228100264 35.64199398089966
0.18228193729406167 34.30002765867317
0.1755509523071207 32.991645750128704
0.1688199673201798 31.649679427902214
0.1614158838345447 30.40860736922715
0.1550214480969508 29.032986122065953
0.1479539138606628 27.75825913845618
0.14122292887372184 26.41629281622969
0.13482849313612794 25.074255982750504
0.1277609588998399 23.76594458545872
0.1206934246635519 22.49121760184895
0.11396243967661095 21.149251279622458
0.10622180694162885 19.908249732200083
0.09915427270534084 18.633522748590316
0.09208673846905283 17.325211351298528
0.08501920423276482 16.050484367688757
0.07828821924582387 14.708518045462265
0.07155723425888291 13.400136136917785
0.0644897000225949 12.091824739626004
0.05742216578630689 10.81709775601623
0.05069118079936593 9.508715847471752
0.04328709731373088 8.234059375114674
0.03621956307744287 6.92574797782289
0.029152028841154864 5.6174365805311055
0.022084494604866858 4.342709596921332
0.01501696036857885 3.034398199629549
0.00828597538163789 1.7260162910850696
8.818918960028362E-4 0.45135981872799114
-0.006522191589632219 -0.8232966536290878
-0.013253176576573178 -2.1316785621735663
-0.020657260062208232 -3.4063350345306445
-0.02772479429849624 -4.714646431822428
-0.03479232853478425 -5.9893734154322
-0.0421964120204193 -7.26402988778928
-0.04960049550605436 -8.50510194646435
-0.05666802974234236 -9.779828930074125
-0.06407211322797741 -11.054485402431204
-0.07147619671361248 -12.29555746110627
-0.07888028019924753 -13.60379834714536
-0.08628436368488258 -14.844870405820426
-0.09368844717051764 -16.119526878177506
-0.10176562915484678 -17.293289086983172
-0.11017936038852298 -18.46698078453613
-0.1179199931235051 -19.707982331958505
-0.12767992135456946 -20.713469916090645
-0.13609365258824568 -21.887161613643602
-0.15258456580625102 -22.219550699081648
-0.20071110846287887 -19.421961254339443
-0.2734057463218413 -14.16756228936379
-0.32186883822781615 -11.302733506004875
-0.34845622892623296 -10.625474843401767
-0.3720146763805263 -10.284694918893017
-0.3878324910998376 -10.684393854200463
-0.40869854455935456 -10.612853329169353
-0.4265356547747481 -10.810622714868579
-0.44235346949405935 -11.243906063858027
-0.45446924247055304 -12.013809173447237
-0.46927740944182317 -12.54805729724081
-0.4844221256624403 -13.048650496099684
-0.502595785127181 -13.212764956864188
-0.5200963460932274 -13.444189267498118
-0.538270005557968 -13.675472555626655
-0.558799509768138 -13.604002541848226
-0.5863965482145959 -12.825779104441015
-0.6032240106819482 -13.124513264944358
-0.6203880223986477 -13.45676132787701
-0.6348596401205707 -13.957495549241262
-0.6611104815696405 -13.313891811572866
-0.6823130842785046 -13.175111947925023
-0.7058715317327979 -12.834332023416273
-0.7243817404468855 -12.964791559246093
-0.7449112446570555 -12.92690595914968
-0.756017369885508 -13.831358257225002
-0.7677965936126547 -14.601331878066903
-0.7940474350617245 -13.991312554080514
-0.8098652497810357 -14.39101148938796
-0.826356162999041 -14.756984988508014
-0.839818132972923 -15.3922683983584
-0.8458760194611699 -14.517804440077631
-0.8384719359755348 -13.209563554038539
-0.8233272197549176 -12.77613918254369
-0.8091921512823416 -12.174581208880719
-0.7960667305578067 -11.472058460413615
-0.7849606053293542 -10.601190576020292
-0.7745275785995956 -9.66301284175758
-0.7580366653815903 -9.297039342637525
-0.7442381461583614 -8.695410857721841
-0.7294299791870912 -8.194747147610293
-0.7072177287301861 -8.400907372380217
-0.6937557587563041 -7.765623962529833
-0.6799572395330752 -7.163995477614149
-0.6651490725618051 -6.629747353820581
-0.6476485115957585 -6.39832304318666
-0.6328403446244885 -5.897659333075089
-0.6180321776532184 -5.363411209281521
-0.6008681659365189 -5.06474756003088
-0.5837041542198195 -4.799668324462248
-0.56654014250312 -4.501004675211607
-0.5493761307864206 -4.202341025960976
-0.5315390205710271 -4.004571640261745
-0.5153846566023688 -3.6049432162069905
-0.4995668418830575 -3.238828694581558
-0.4813931824183169 -3.007545406453022
-0.46355607220292333 -2.7761916070717927
-0.44639206048622393 -2.51111237150316
-0.42855495027083035 -2.3133429858039403
-0.41172748780347795 -2.014608825300607
-0.3932172790893903 -1.884149289470799
-0.3750436196246497 -1.6528660013422625
-0.35619686166121506 -1.5560613904471554
-0.33835975144582153 -1.3582920047479297
-0.3195129934823868 -1.2279029801708197
-0.30066623551895216 -1.0975139555936986
-0.28181947755551745 -0.9671249310165887
-0.2629727195920828 -0.8367359064394675
-0.24412596162864808 -0.739931295544366
-0.22527920366521337 -0.6095422709672532
-0.20575934720308459 -0.5800475099415558
-0.18657603999030287 -0.516897823981155
-0.1677292820268682 -0.3865087994040367
-0.14854597481408643 -0.2897746997616274
-0.12936266760130471 -0.22662501380122657
-0.11017936038852298 -0.12989091415881587
-0.09099605317574125 -0.06674122819841366
-0.07147619671361248 -0.03724646717271629
-0.05229288950083074 0.05948763246969371
-0.03277303303870196 0.12256680717739957
-0.013589725825920225 0.18571649313780056
0.0055935813868615075 0.28245059278021156
0.02477688859964324 0.3791846924226225
0.043960195812424975 0.47591879206503385
0.06280695377585965 0.5727234029601402
0.08232681023798843 0.6358025776678461
0.10083701895207607 0.7662621134976566
0.1200203261648578 0.8629962131400687
0.13886708412829252 0.9933852377171816
0.1600696868371565 0.854605374069356
0.1802626417979794 0.8503746989076522
0.20011904750945525 0.8462145349986405
0.21963890397158403 0.8757092960243379
0.23781256343632462 1.0734081704708631
0.24689939316869491 2.1462056044724065
0.25968826464388267 2.8823832778742173
0.26103446164127087 4.762828399055979
0.25026488566216537 7.821266404205108
0.25194763190890057 9.66805660045217
0.26103446164127087 10.740854034453712
0.26776544662821183 12.082820356680202
0.2674288973788648 14.131540102535489
0.2731502346177646 15.540886785884084
0.27382333311645873 17.48864175693525
0.2691116436256 19.97487552694171
0.27483298086449987 21.3842222102903
0.2718040376203764 23.66859694194122
0.27752537485927625 25.111528038971827
0.28829495083838175 26.016050848299844
0.26877509437625297 29.9495169017513
0.2798812196047056 30.853969199826626
0.2798812196047056 32.83544960706519
0.29435283732662865 33.403352655793476
0.2849294583449113 36.327170961203784
0.28930459858642293 37.9047217579732
0.289977697085117 39.81889231534237
0.2876218523396877 42.069541610805885
0.2859391060929524 44.21929664271799
0.2886315000877288 45.931537650478916
0.2946893865759757 47.340813822574816
0.3004107238148755 48.783744919605425
0.3031031178096519 50.49598592736635
0.3064686103031224 52.1745014989399
0.31353614453941037 53.44922848254967
0.3209402280250454 54.65671612754272
0.3273346637626393 56.06592178838593
0.3286808607600275 57.87919808220367
0.3259884667652511 60.163502302601906
0.3327194517521921 61.47188421114638
0.3364214934950096 63.0831604441032
0.34214283073390944 64.52609154113381
0.3404600844871742 64.39210644266925
0.3340656487495803 63.05006960919006
0.3259884667652511 61.80913857302037
0.3195940310276572 60.534270566905214
0.31252649679136923 59.225959169613425
0.30478586405638713 57.98495762219105
0.29738178057075204 56.74388556351599
0.29031424633446407 55.4355741662242
0.28391981059687016 54.09353733274502
0.27786192410862326 52.71784557433112
0.2704578406229882 51.44318910197405
0.2627172078880061 50.23577196823369
0.25699587064910634 48.82642528488509
0.2512745334102065 47.383494187854495
0.2435339006752244 46.14249264043212
0.23781256343632462 44.699561543401515
0.23141812769873066 43.39110912360434
0.22569679045983088 41.94817802657374
0.21963890397158403 40.57248626815984
0.212571369735296 39.26417487086806
0.20516728624966096 38.023102812193
0.19809975201337293 36.74837582858322
0.19103221777708496 35.44006443129144
0.184301232790144 34.09809810906494
0.17757024780320302 32.78971620052047
0.17083926281626205 31.48133429197599
0.16377172857997402 30.173022894684216
0.15670419434368604 28.898295911074435
0.14997320935674507 27.556329588847948
0.1429056751204571 26.248018191556163
0.13583814088416907 24.973291207946392
0.1291071558972281 23.664909299401913
0.12170307241159305 22.390252827044833
0.11463553817530504 21.08194142975305
0.10756800393901704 19.773630032461266
0.10083701895207607 18.465248123916787
0.09410603396513512 17.123281801690297
0.08670195047950006 15.882209743015231
0.07997096549255911 14.57382783447075
0.07290343125627109 13.29910085086098
0.06583589701998309 11.957205039887185
0.058768362783695086 10.68247805627741
0.05136427929806003 9.441405997602342
0.044296745061772023 8.133094600310558
0.03722921082548401 6.824783203018775
0.02982512733984896 5.516542316979686
0.022757593103560955 4.275399747051922
0.015690058867272948 2.967088349760139
0.00828597538163789 1.7260162910850696
8.818918960028362E-4 0.45135981872799114
-0.006185642340285171 -0.8569515785637926
-0.013589725825920225 -2.098023637238861
-0.020657260062208232 -3.4063350345306445
-0.028061343547843287 -4.680991506887723
-0.0351288777841313 -5.955718490497496
-0.04253296126976635 -7.196790549172566
-0.04960049550605436 -8.50510194646435
-0.05666802974234236 -9.779828930074125
-0.06474521172667151 -10.987175552561794
-0.07214929521230656 -12.228247611236862
-0.07988992794728868 -13.502833572341244
-0.08796710993161783 -14.676595781146904
-0.09570774266659993 -15.884012914887268
-0.10479457239897022 -16.990394762570826
-0.11455450063003461 -17.99588234670296
-0.13104541384803997 -18.361855845823005
-0.1461901300686571 -18.862449044681878
-0.20104765771222594 -15.391761101245578
-0.27677123881531174 -9.800883398175575
-0.29999313702025804 -9.460173984919518
-0.3171571487369575 -9.75883763417016
-0.3437445394353743 -9.115163385249058
-0.36259129739880896 -9.211967996144166
-0.38211115386093775 -9.275047170851874
-0.40533305206588405 -8.934337757595816
-0.42451635927866577 -9.031071857238231
-0.43629558300581245 -9.834629891762141
-0.45144029922642964 -10.335223090621
-0.4739890989326818 -10.095407940916367
-0.5022592358778338 -9.249874653639745
-0.5433182442981738 -7.125454218844318
-0.5712518319939787 -6.347160270184415
-0.5823579572224313 -7.218028154577727
-0.5954833779469662 -7.920550903044832
-0.6163494314064831 -7.849010378013709
-0.6341865416218767 -8.04677976371293
-0.6550525950813937 -7.9416548249998105
-0.6712069590500519 -8.341283249054566
-0.685005478273281 -8.942911733970238
-0.7105832212236566 -8.333033432489247
-0.7237086419481914 -9.03555618095634
-0.7442381461583614 -8.99767058085993
-0.7536615251400787 -10.070397503608786
-0.7671234951139606 -10.672096499777151
-0.7879895485734776 -10.63414038842805
-0.8034708140434418 -11.067494248670206
-0.8169327840173237 -11.70277765852059
-0.8303947539912057 -12.371645482052973
-0.8485684134559462 -12.535759942817492
-0.8670786221700338 -12.666219478647312
-0.8684248191674221 -12.262924469452408
-0.8590014401857047 -11.190197546703562
-0.839818132972923 -11.093463447061147
-0.8196251780121001 -11.097694122222856
-0.8004418707993184 -11.03454443626245
-0.791018491817601 -9.995401927195614
-0.7752006770982898 -9.595702991888167
-0.7630849041217961 -8.825799882298957
-0.7539980743894258 -7.7194180346153995
-0.7375071611714203 -7.353444535495357
-0.7200066002053739 -7.122020224861436
-0.7018329407406333 -6.957905764096917
-0.6883709707667514 -6.289037940564524
-0.6759186485409107 -5.552789755910026
-0.6594277353229052 -5.186816256789983
-0.6426002728555529 -4.921666509968648
-0.6257728103882004 -4.589347935783317
-0.608272249422154 -4.324339211467376
-0.5917813362041486 -3.9919501260293306
-0.5756269722354903 -3.592321701974577
-0.5574533127707497 -3.39462282752806
-0.5396162025553561 -3.1968534418288397
-0.5224521908386568 -2.931774206260196
-0.5052881791219573 -2.6666949706915744
-0.4877876181559108 -2.401686246375639
-0.46961395869117023 -2.203987371929111
-0.45177684847577665 -2.0062179862298968
-0.43360318901103606 -1.8085191117833688
-0.4154295295462955 -1.6444046510188548
-0.39759241933090195 -1.4466352653196346
-0.3790822106168143 -1.2825913158078128
-0.3598989034040326 -1.219441629847412
-0.34071559619125086 -1.0891231165229887
-0.32254193672651027 -0.9250086557584747
-0.30335862951372855 -0.8282745561160598
-0.28383877305159977 -0.7987797950903652
-0.264655465838818 -0.7020456954479559
-0.24479906012734215 -0.6726214456749591
-0.22561575291456043 -0.6430561733965667
-0.20542279795373758 -0.6137024348762565
-0.187249138488997 -0.4160035604297313
-0.16873892977490934 -0.28554402459992356
-0.14955562256212762 -0.22239433863951996
-0.13037231534934585 -0.12566023899711343
-0.11118900813656413 -0.06251055303670983
-0.09166915167443535 5.686216709960279E-4
-0.07214929521230656 0.03006338269669201
-0.05262943875017779 0.09314255740439856
-0.033446131537396055 0.18987665704680926
-0.014262824324614322 0.2530263430072103
0.0055935813868615075 0.28245059278021156
0.02511343784899029 0.34552976748791764
0.04463329431111907 0.4086089421956242
0.06348005227455375 0.5054135530907305
0.08266335948733548 0.6021476527331412
0.10184666670011722 0.6652973386935421
0.12170307241159305 0.6947215884665444
0.1415594781230689 0.7241458382395427
0.16074278533585062 0.8208799378819548
0.1802626417979794 0.8167902852256409
0.19944594901076113 0.913524384868053
0.21963890397158403 0.9092937097063464
0.2391587604337128 0.9387884707320437
0.25598622290106515 1.2711070449173911
0.26103446164127087 2.747763578135398
0.24521664692195966 6.3110254573050915
0.2371394649376305 9.133808476658595
0.2357932679402423 11.283492997317996
0.23646636643893643 13.197663554687155
0.23882221118436575 14.97714390106481
0.24959178716347125 15.881666710392832
0.26843854512690596 15.97847132128794
0.27113093912168235 17.724296742730882
0.2798812196047056 18.864333515349145
0.2630537571373532 22.528560169322958
0.2627172078880061 24.577279915178252
0.2707943898723353 25.7510421239839
0.2681019958775589 28.00176193070012
0.2640634048853943 30.420685850837167
0.2731502346177646 31.527067698520725
0.282910162848829 32.532555282652844
0.29098734483315813 33.73990190514053
0.2926700910798934 35.55310768770558
0.29166044333185226 37.63555286974825
0.29738178057075204 39.07848396677886
0.30714170880181646 40.083971550911
0.3081513565498576 41.998071597027476
0.3091610042978987 43.87858722946193
0.3145457922874515 45.388757665109246
0.3222864250224336 46.59617479884962
0.3269981145132923 48.0729018433203
0.3333925502508862 49.48210750416351
0.3307001562561098 51.69924289719772
0.3340656487495803 53.37775846877124
0.3404600844871742 54.719795302250446
0.3508931112169327 55.69155745019518
0.3559413499571384 57.13462956973117
0.35358550521170906 59.38527886519468
0.35358550521170906 61.36675927243325
0.36098958869734415 62.64141574479034
0.35257585746366793 63.21411355870188
0.339113887489786 62.54524573516948
0.3307001562561098 61.37155403761652
0.3236326220198218 60.09682705400675
0.3172381862822279 58.72120580684555
0.3115168490433281 57.31185912349695
0.3044493148070401 56.00354772620517
0.29704523132140503 54.762475667530104
0.29065079558381113 53.42043883405092
0.28324671209817603 52.145782361693854
0.27786192410862326 50.70278075341055
0.2718040376203764 49.32708899499666
0.26507305263343545 47.985122672770174
0.2576689691478004 46.74405061409511
0.25161108265955356 45.3347744419992
0.24454354842326553 44.06004745838943
0.2371394649376305 42.78539098603235
0.22973538145199546 41.510734513675274
0.2230043964650545 40.2359370188128
0.21627341147811352 38.89397069658631
0.20954242649117255 37.58558878804184
0.20281144150423158 36.24362246581535
0.19608045651729067 34.90165614358885
0.1893494715303497 33.62685864872639
0.18194538804471466 32.35220217636931
0.17454130455907957 31.07754570401223
0.1678103195721386 29.802748209149765
0.16040623608650356 28.528091736792682
0.1536752510995626 27.1861254145662
0.14627116761392756 25.911468942209115
0.1395401826269866 24.60308703366464
0.1324726483906986 23.294775636372847
0.12506856490506352 22.020119164015778
0.11800103066877553 20.745392180406
0.11093349643248751 19.43708078311422
0.10386596219619951 18.162353799504448
0.09646187871056446 16.887697327147364
0.08939434447427645 15.612970343537592
0.08199026098864139 14.371898284862521
0.07458617750300633 13.130826226187455
0.06751864326671833 11.822514828895669
0.06011455978108327 10.547858356538592
0.05271047629544822 9.273201884181512
0.04530639280981317 8.032129825506445
0.03823885857352516 6.7574028418966705
0.030834775087890103 5.449161955857582
0.023094142352908 4.208160408435209
0.016026608116619993 2.933433424825435
0.00828597538163789 1.7260162910850696
0.001218441145349884 0.41770489379328635
-0.006522191589632219 -0.8232966536290878
-0.013926275075267273 -2.0979531259861663
-0.02133035856090233 -3.3390251846612347
-0.029070991295884432 -4.580026732083608
-0.036138525532172436 -5.888338129375392
-0.043542609017807495 -7.1294101880504614
-0.051283241752789595 -8.336827321790826
-0.058687325238424654 -9.577899380465896
-0.0667645072227538 -10.785246002953565
-0.0745051399577359 -11.992663136693928
-0.08258232194206505 -13.233594172863608
-0.09032295467704717 -14.441011306603968
-0.09806358741202927 -15.682012854026345
-0.10513112164831727 -16.95673983763612
-0.11320830363264642 -18.164086460123787
-0.12162203486632261 -19.30419374399474
-0.12902611835195765 -20.57885021635182
-0.13710330033628682 -21.78619683883949
-0.14820942556473943 -22.657064723232807
-0.15931555079319198 -23.52793260762612
-0.1704216760216446 -24.465969319383458
-0.18186435049944422 -25.303182278842066
-0.19330702497724384 -26.14039523830068
-0.2246061051665193 -24.99196762661171
-0.41172748780347795 -8.294894183836426
-0.4686043109431291 -4.622276690791899
-0.5012495881297927 -3.3728137930461255
-0.5241349370853919 -3.065759304724769
-0.5466837367916442 -2.792359741338124
-0.5766366199835314 -1.8121362430699839
-0.5931275332015368 -2.144525328508018
-0.6099549956688892 -2.4768439026933597
-0.6234169656427712 -3.145711726225753
-0.636205837117959 -3.8483049859455494
-0.6560622428294348 -3.877729235718541
-0.6738993530448283 -4.075498621417772
-0.6819765350291574 -5.2492608302234345
-0.6900537170134866 -6.4230230390290854
-0.7068811794808391 -6.755341613214427
-0.7297665284364383 -6.414702711211073
-0.7465939909037906 -6.747021285396415
-0.762748354872449 -7.14664970945117
-0.7822682113345778 -7.1761444704768635
-0.8048170110408299 -6.936329320772239
-0.818615530264059 -7.571542219369909
-0.8310678524898997 -8.307790404024416
-0.8404912314716171 -9.346932913091255
-0.8606841864324399 -9.342702237929545
-0.8771750996504453 -9.67509132336759
-0.8923198158710625 -10.142100108544449
-0.8929929143697566 -9.77253053553695
-0.8734730579076277 -9.743035774511256
-0.8606841864324399 -8.97327368742744
-0.8458760194611699 -8.472609977315882
-0.8303947539912057 -8.072840530755732
-0.8139038407732002 -7.706867031635689
-0.8001053215499713 -7.071654133037997
-0.7832778590826189 -6.806504386216671
-0.7664503966152665 -6.47418581203133
-0.7482767371505259 -6.276486937584802
-0.7341416686779499 -5.70851337760383
-0.7189969524573327 -5.2415045924269705
-0.7011598422419392 -5.010150793045742
-0.6839958305252397 -4.745071557477121
-0.6654856218111521 -4.614612021647302
-0.6473119623464115 -4.450497560882782
-0.6304844998790592 -4.1181789866974405
-0.6133204881623597 -3.8195153374467994
-0.5958199271963132 -3.5880910268128785
-0.5776462677315726 -3.3903921523663505
-0.5581264112694438 -3.360897391340656
-0.538270005557968 -3.3314731415676535
-0.5187501490958392 -3.301978380541959
-0.49990339113240456 -3.1715893559648434
-0.4827393794157051 -2.9065101203962107
-0.4652388184496586 -2.641501396080276
-0.44672860973557094 -2.4774574465684593
-0.4288914995201774 -2.313272474551248
-0.4107178400554368 -2.149158013786728
-0.39187108209200217 -1.9851845755276043
-0.3736974226272615 -1.8210701147630903
-0.3585527064066444 -1.3540613295862314
-0.34004249769255673 -1.1900173800744096
-0.32153228897846914 -1.0259734305625878
-0.3026855310150344 -0.8955844059854723
-0.28383877305159977 -0.7987797950903652
-0.26499201508816506 -0.6683907705132497
-0.24580870787538334 -0.5716566708708404
-0.22696194991194862 -0.4748520599757361
-0.2077786426991669 -0.378117960333324
-0.18859533548638518 -0.3149682743729232
-0.1694120282736034 -0.21823417473051665
-0.14989217181147463 -0.18873941370481928
-0.13037231534934585 -0.12566023899711343
-0.11118900813656413 -0.06251055303670983
-0.0920057009237824 0.03422354660570087
-0.07248584446165361 0.06371830763139685
-0.05296598799952484 0.1267974823391034
-0.03310958228804901 0.1562217321121044
-0.014262824324614322 0.21944192932520057
0.0055935813868615075 0.3160350064622214
0.02511343784899029 0.34552976748791764
0.04463329431111907 0.3750245285136143
0.06415315077324785 0.404519289539311
0.08400955648472368 0.46752795299432187
0.10352941294685246 0.4970227140200178
0.12304926940898124 0.560101888727725
0.14256912587111004 0.6231810634354296
0.16175243308389176 0.6863307493958304
0.1816088387953676 0.7157549991688328
0.20112869525749638 0.7116653465125189
0.22098510096897217 0.7746740099675326
0.24016840818175395 0.8378236959279306
0.25800551839714747 1.0355930816271508
0.26204410938931205 2.6467988033312793
0.2613710108906179 4.695589060439264
0.2391587604337128 8.931878927050363
0.23545671869089524 11.283563508570692
0.24185115442848915 12.659184755731884
0.24689939316869491 14.135841288949885
0.26069791239192386 14.771054187547573
0.26473650338408844 16.3822599092517
0.27146748837102935 17.69064181779618
0.26238065863865906 20.6143896119538
0.27247713611907054 21.619806684833232
0.282910162848829 22.55798441909596
0.2862756553422995 24.202915576987483
0.27550607936319393 27.261353582136614
0.282910162848829 28.53601005449369
0.28795840158903474 30.046251001393706
0.28795840158903474 32.02773140863228
0.282910162848829 34.547620103573436
0.29839142831879323 34.98097396381559
0.30478586405638713 36.35659521097678
0.3118533982926751 37.63132219458656
0.3115168490433281 39.71362635412385
0.3101706520459399 41.762557633737224
0.3209402280250454 42.734249270429274
0.3232960727704748 44.480145203124906
0.3101706520459399 47.77416768281697
0.3206036787756984 48.7459298307617
0.3236326220198218 50.424515913587946
0.3222864250224336 52.540616020565345
0.3310367055054569 53.647068379501576
0.3377676904923978 54.989034701728066
0.3438255769806447 56.364726460141966
0.3482007172221563 57.94227725691139
0.3502200127182386 59.72182811454172
0.35493170220909726 61.232139572694436
0.36098958869734415 62.64141574479034
0.36401853194146755 62.0362616972399
0.35627789920648545 60.82884456349954
0.3475276187234622 59.68880779088128
0.339113887489786 58.54870050701033
0.33305600100153915 57.17300874859644
0.324642269767863 55.99931705104346
0.3152188907861456 54.96017454197663
0.30781480730051053 53.71910248330156
0.2990645268174873 52.57906571068331
0.29233354183054633 51.27068380213881
0.2859391060929524 49.89506255497764
0.2785350226073174 48.65399049630256
0.27146748837102935 47.34567909901078
0.26473650338408844 46.0372971904663
0.25800551839714747 44.695330868239814
0.2512745334102065 43.38694895969533
0.24387044992457146 42.11229248733825
0.23680291568828343 40.80398109004648
0.23040847995068953 39.461944256567286
0.22334094571440155 38.187217272957504
0.21492721448072533 37.01352557540454
0.20819622949378436 35.70514366686007
0.20112869525749638 34.396832269568286
0.19406116102120835 33.122105285958504
0.18699362678492037 31.847378302348737
0.1802626417979794 30.538996393804254
0.17353165681103844 29.197030071577775
0.16579102407605634 27.989612937837403
0.1587234898397683 26.681301540545626
0.15165595560348033 25.40657455693585
0.14425187211784524 24.098333670896764
0.1368477886322102 22.85726161222169
0.1291071558972281 21.649844478481327
0.12102997391289895 20.44249785599366
0.11396243967661095 19.134186458701876
0.1065583561909759 17.893114400026807
0.09915427270534084 16.618457927669727
0.09175018921970578 15.37738586899466
0.08434610573407073 14.102729396637582
0.07694202224843567 12.861657337962512
0.06953793876280062 11.58700086560543
0.061797306027818515 10.379583731865065
0.05439322254218346 9.104927259507988
0.04732568830589545 7.830200275898216
0.03958505557091335 6.589198728475841
0.031844422835931245 5.348197181053468
0.024103790100949145 4.140780047313104
0.01636315736596704 2.89977849989073
0.008959073880331988 1.65870644121566
0.001218441145349884 0.41770489379328635
-0.006522191589632219 -0.8232966536290878
-0.01459937357396137 -2.0306432761167565
-0.022340006308943474 -3.23806040985712
-0.030417188293272623 -4.4454070323447885
-0.038157821028254726 -5.686408579767163
-0.046235003012583875 -6.860170788572824
-0.05431218499691303 -8.033932997378482
-0.06238936698124217 -9.241279619866154
-0.07012999971622429 -10.448696753606518
-0.07820718170055344 -11.656043376094186
-0.08662091293422963 -12.79615065996514
-0.09503464416790583 -13.969842357518104
-0.10344837540158203 -15.109949641389058
-0.11287175438329937 -16.21626097781992
-0.12195858411566966 -17.28905841182146
-0.1307088645986929 -18.429095184439724
-0.13912259583236913 -19.569202468310678
-0.14955562256212762 -20.54096461625541
-0.15864245229449792 -21.647346463938966
-0.16974857752295047 -22.518214348332283
-0.18018160425270896 -23.489976496277023
-0.19970146071483774 -23.519471257302715
-0.264655465838818 -19.039135565825276
-0.41677572654368367 -5.808589902577283
-0.4406707232473241 -5.4005706394518125
-0.45648853796663535 -5.867438402123281
-0.4803835346702757 -5.459419138997823
-0.4988937433843634 -5.589878674827625
-0.5211059938412685 -5.383718450057695
-0.5426451457994796 -5.211283661475163
-0.5709152827446317 -4.399334787880549
-0.587406195962637 -4.731723873318583
-0.6052433061780306 -4.9294932590178036
-0.6210611208973418 -5.362776608007269
-0.6426002728555529 -5.223926233106734
-0.6590911860735582 -5.55631531854478
-0.6742359022941754 -6.023324103721639
-0.685678576771975 -6.860537063180249
-0.7021694899899803 -7.1929261486182945
-0.7237086419481914 -7.054075773717772
-0.7331320209299088 -8.126802696466617
-0.7469305401531378 -8.72843118138229
-0.7614021578750608 -9.29633423011057
-0.7799123665891484 -9.426793765940388
-0.7953936320591126 -9.893732039864544
-0.8088556020329946 -10.52901544971493
-0.8270292614977351 -10.693129910479449
-0.8421739777183523 -11.193723109338304
-0.8559724969415813 -11.795351594253988
-0.8741461564063219 -11.959466055018508
-0.8761654519024041 -11.488861195954202
-0.8640496789259104 -10.685373672682985
-0.8509242582013755 -10.0164353378979
-0.8374622882274936 -9.347567514365517
-0.8223175720068765 -8.880558729188648
-0.8064997572875652 -8.480859793881201
-0.7900088440695598 -8.11488629476116
-0.7755372263476368 -7.5469832460328785
-0.7597194116283256 -7.147284310725421
-0.7452477939064025 -6.579381261997141
-0.72842033143905 -6.28064710149382
-0.7119294182210447 -5.914673602373766
-0.6940923080056512 -5.750488630356543
-0.6776013947876458 -5.384515131236512
-0.6601008338215993 -5.153090820602579
-0.643273371354247 -4.854356660099235
-0.6254362611388534 -4.623002860718017
-0.6089453479208481 -4.257029361597964
-0.5890889422093722 -4.261189525506969
-0.5722614797420198 -3.9288709513216276
-0.5550974680253203 -3.6637917157530064
-0.5389431040566621 -3.264163291698241
-0.5207694445919215 -3.1000488309337215
-0.502595785127181 -2.935934370169213
-0.48509522416113443 -2.670925645853278
-0.4672581139457409 -2.439571846472044
-0.4490844544810003 -2.2754573857075298
-0.4302376965175656 -2.1450683611304147
-0.41307368480086615 -1.8799891255617873
-0.3942269268374315 -1.7831845146666803
-0.3753801688739968 -1.6527954900895647
-0.3568699601599091 -1.4887515405777485
-0.33835975144582153 -1.3582920047479297
-0.32052264123042795 -1.1269382053667065
-0.3016758832669933 -0.9965491807895854
-0.2828291253035586 -0.8997445698944839
-0.26364581809077686 -0.8030104702520691
-0.2451356093766892 -0.6389665207402528
-0.22662540066260156 -0.5085069849104423
-0.20710554420047278 -0.4790122238847477
-0.187585687738344 -0.4159330491770419
-0.16840238052556228 -0.3191989495346298
-0.14921907331278056 -0.2560492635742262
-0.13003576609999884 -0.1593151639318141
-0.11051590963787003 -0.12982040290611951
-0.09166915167443535 5.686216709960279E-4
-0.07214929521230656 0.03006338269669201
-0.05262943875017779 0.09314255740439856
-0.03310958228804901 0.1562217321121044
-0.014262824324614322 0.21944192932520057

