37.0300
36.1090
38.0440
38.0990
38.9000
37.0000
38.7500
38.8400
39.0000
39.0400
37.0000
38.0000
37.6000
40.4000
38.0000
40.5000
37.0000
35.0000
39.2400
36.2000
38.0000
39.0000
36.0000
38.0000
37.0000
36.1644
38.2038
38.0331
37.9217
38.0898
37.9971
38.4242
36.7460
37.6466
38.4276
38.5965
37.7810
37.1508
38.8228
37.9205
39.6797
37.8388
36.4910
36.6122
39.0147
39.2727
34.9728
37.5733
41.0682
35.5057
36.5970
37.1240
40.3956
38.9111
38.2370
40.1674
35.0693
37.0439
38.9080
40.5530
39.1570
38.4307
38.2747
35.9125
40.4678
39.1689
39.0447
37.3479
34.9881
39.0608
40.5737
40.9206
38.7161
38.2143
38.1421
36.6080
38.1333
38.1592
38.7481
39.3245
38.2930
37.4563
40.3885
37.2572
38.4938
37.8828
38.3585
38.6445
37.4198
38.2799
38.4150
39.8343
37.0163
38.4650
38.4659
