20.0000
14.0000
15.0000
12.0000
15.0000
18.0000
16.0000
13.0000
15.0000
18.0000
20.0000
17.0000
10.0000
18.0000
14.0000
15.0000
14.0000
20.0000
16.0000
15.0000
12.0000
21.0000
16.0000
12.0000
18.0000
15.7744
11.7311
11.6305
12.0261
15.1934
19.4017
18.7503
14.0987
19.9036
15.5129
16.2597
13.5448
19.9954
19.9621
15.5501
16.4583
20.3623
12.7924
15.5215
17.6296
16.2299
14.3243
14.0634
11.2218
18.1321
21.0756
19.8776
16.2221
17.5952
11.7207
11.6885
9.9784
13.9116
18.0302
12.2172
14.5985
20.3542
15.3998
15.1628
15.8587
20.9639
12.1849
14.7875
15.5884
19.8355
11.7961
20.9116
15.2130
13.3233
14.1748
15.4441
14.3432
20.1569
12.7182
18.1873
19.6020
20.4083
15.3402
15.9080
19.6843
12.3500
15.9079
15.6592
13.4315
14.9573
13.5872
14.7017
17.6913
20.8776
14.7274
