20.0000
14.0000
15.0000
12.0000
15.0000
18.0000
16.0000
13.0000
15.0000
18.0000
20.0000
17.0000
10.0000
18.0000
14.0000
15.0000
14.0000
20.0000
16.0000
15.0000
12.0000
21.0000
16.0000
12.0000
18.0000
13.7279
13.7782
19.8565
14.8987
18.3378
14.9560
12.8979
13.6147
13.8633
11.1271
21.2682
15.0054
15.3000
15.8309
12.1255
13.6664
14.0038
18.3121
10.4095
20.4317
15.9381
14.5044
19.3777
12.3032
14.9389
16.0233
18.0621
19.9637
14.1957
11.5595
15.8011
9.0428
20.0250
17.6741
11.6791
13.9278
14.3645
20.0324
10.2069
18.6391
16.8985
14.0754
13.7524
12.2045
15.1927
18.0306
16.7245
19.7674
18.6239
19.1972
17.0654
15.6596
18.1298
15.7926
13.7780
18.0071
20.0632
9.9224
16.6459
14.1289
15.1028
20.7117
18.3177
15.4069
14.7186
20.1590
12.6130
13.8768
17.2937
21.0490
