32
36.55
42.42
20
41.7
44.2
30.0
36.85
42.9
42.00
41.57
40.83
38.99
50
25
35.1
55
38
37.11
40.41
30.00
41.44
42.44
32.00
32.16
22.10
35.00
41.25
35.12
36.00
30.00
32.000
20.00
20.5
35.12
37.79
37.00
36.31
56.2
39.00
47.7
44.66
37.5
33
49
38
39.66
43.66
44.00
30
39.10
51.00
42.00
50
48.4
40.24
46.04
47.57
50.055
41.00
39.53
36.00
37.00
39.70
34.00
61.00
38.00
33.55
44.26
37.5
37.44
37.66
36.20
49.31
33.00
37.80
48.00
30
46.19
50
55
51
36
42.00
45.00
30.00
44.22
45.00
50
32.00
39.00
42.00
30.00
55
42.24
32.00
35.00
41.966
50
41.83
41.30
50.00
55.00
43.55
42.10
46.10
41.37
