0.08232681023798843 0.43429609557578824
0.08367300723537663 0.43401405056500697
0.08501920423276482 0.4337320055542271
0.08602885198080597 0.43352047179614217
0.08703849972884711 0.46689335172006574
0.08804814747688826 0.4666818179619808
0.0890577952249294 0.43288587052188604
0.0897308937236235 0.46632926169850597
0.0904039922223176 0.46618823919311464
0.0910770907210117 0.4660472166877247
0.09141363997035873 0.4659767054350311
0.09175018921970578 0.49949060786434607
0.09208673846905283 0.46583568292964117
0.09242328771839987 0.4657651716769462
0.09242328771839987 0.4657651716769462
0.09275983696774692 0.46569466042425123
0.09242328771839987 0.4657651716769462
0.09242328771839987 0.4657651716769462
0.09208673846905283 0.46583568292964117
0.09175018921970578 0.46590619418233614
0.09141363997035873 0.43239229175302124
0.09074054147166465 0.46611772794041967
0.09006744297297055 0.4662587504458096
0.08939434447427645 0.46639977295120094
0.08872124597558236 0.432956381774581
0.08771159822754121 0.4667523292146758
0.08670195047950006 0.4669638629727607
0.08569230273145892 0.43359098304883714
0.08434610573407073 0.4674574417416269
0.08299990873668253 0.4677394867524082
0.08199026098864139 0.40078219314647334
0.08030751474190616 0.4347191630919567
0.07896131774451796 0.4014167944207281
0.07727857149778272 0.40176935068420294
0.07559582525104748 0.4021219069476792
0.07391307900431224 0.40247446321115404
0.07189378350822996 0.40289753072732387
0.07021103726149472 0.36966567330879024
0.06819174176541243 0.37008874082496007
0.06583589701998309 0.40416673327583613
0.0638166015239008 0.3710053871099961
0.061460756778471466 0.3714989658788616
0.05944146128238918 0.33833761971302223
0.05708561653695984 0.33883119848188703
0.05472977179153051 0.33932477725075255
0.05237392704610117 0.33981835601961874
0.04968153305132479 0.3403824460411778
0.04732568830589545 0.3072916111280341
0.04463329431111907 0.3078557011495946
0.041940900316342684 0.30841979117115575
0.039248506321566304 0.3089838811927148
0.036556112326789916 0.2759635575322661
0.033863718332013536 0.2765276475538265
0.030834775087890103 0.2771622488280824
0.02814238109311372 0.2777263388496428
0.02511343784899029 0.24477652644188835
0.022084494604866858 0.2789955413981537
0.019055551360743425 0.2460457289903996
0.01636315736596704 0.2130254053299505
0.01333421412184361 0.2136600066042058
0.01030527087772018 0.21429460787846125
0.007276327633596747 0.21492920915271682
0.0042473843894733155 0.18197939674496266
8.818918960028362E-4 0.21626892295392294
-0.0021470513481205954 0.21690352422817846
-0.005175994592244027 0.18395371182042425
-0.008204937836367459 0.18458831309467982
-0.01123388108049089 0.15163850068692555
-0.014262824324614322 0.15227310196118116
-0.017291767568737754 0.1529077032354366
-0.020320710812861183 0.15354230450969203
-0.023349654056984616 0.12059249210193794
-0.02637859730110805 0.12122709337619338
-0.02940754054523148 0.12186169465044916
-0.03209993454000786 0.0888413709899994
-0.0351288777841313 0.08947597226425588
-0.03782127177890768 0.056455648603806474
-0.04085021502303111 0.05709024987806052
-0.043542609017807495 0.05765433989962168
-0.046571552261930924 0.05828894117387712
-0.04926394625670731 0.05885303119543828
-0.05195634025148369 0.05941712121699874
-0.05464873424626008 0.05998121123855851
-0.05734112824103646 0.06054530126011897
-0.05969697298646579 0.0274544663469746
-0.06205281773189513 -0.0056363685661690865
-0.06474521172667151 0.02851213513740125
-0.06710105647210085 -0.004578699775742434
-0.06945690121753019 0.029499292675132238
-0.07147619671361248 -0.0036620534907064184
-0.0738320414590418 -0.0031684747218430065
-0.0758513369551241 -0.03632982088768166
-0.07787063245120639 -0.03590675337151045
-0.07988992794728868 -0.03548368585534062
-0.08190922344337095 -0.03506061833917079
-0.08392851893945324 -0.0010531371409910895
-0.08561126518618849 -0.03428499455952472
-0.08729401143292373 -0.03393243829604986
-0.08897675767965897 4.531649436256835E-6
-0.09032295467704717 -0.03329783702179373
-0.09166915167443535 -0.033015792011013845
-0.09301534867182354 -0.06631816068224383
-0.09436154566921173 -0.032451701989452686
-0.09537119341725288 -0.06582458191337764
-0.09671739041464107 -0.031958123220587886
-0.09739048891333517 -0.06540151439720643
-0.09840013666137631 -0.06518998063912151
-0.09907323516007041 -0.06504895813373157
-0.10008288290811156 -0.031253010693636785
-0.10041943215745859 -0.06476691312295307
-0.10109253065615269 -0.031041476935553255
-0.10142907990549974 -0.06455537936486677
-0.10176562915484678 -0.0644848681121718
-0.10210217840419383 -0.06441435685947683
-0.10210217840419383 -0.06441435685947683
-0.10210217840419383 -0.06441435685947683
-0.10210217840419383 -0.06441435685947683
-0.10176562915484678 -0.0644848681121718
-0.10176562915484678 -0.030900454430161928
-0.10142907990549974 -0.0309709656828569
-0.10075598140680564 -0.0646964018702581
-0.10041943215745859 -0.0311824994409432
-0.09974633365876451 -0.031323521946331756
-0.09873668591072336 -0.06511946938642654
-0.09806358741202927 -0.03167607820980661
-0.09705393966398812 -0.06547202564990279
-0.09604429191594697 -0.0656835594079877
-0.09503464416790583 -0.03231067948406274
-0.09402499641986468 -0.032522213242149045
-0.09267879942247649 -0.03280425825292893
-0.0913326024250883 -0.033086303263708816
-0.08964985617835307 -0.03343885952718367
-0.08830365918096487 -0.03372090453796356
-0.08662091293422963 -0.0340734608014398
-0.08493816668749439 -8.416033829047875E-4
-0.0829188711914121 -0.034849084581085876
-0.08123612494467686 -0.0016172271625508605
-0.07955337869794163 -0.0019697834260257174
-0.07719753395251229 -0.002463362194891905
-0.07517823845643 -0.002886429711061733
-0.07315894296034771 -0.0033094972272329493
-0.07080309821491838 -0.0038030759960963616
-0.06878380271883609 0.029358270169742295
-0.06642795797340675 0.028864691400876108
-0.06407211322797741 0.061955526314019786
-0.061379719233201034 0.027807022610450843
-0.058687325238424654 0.02724293258889038
-0.056331480492995314 0.060333767502034064
-0.053639086498218934 0.05976967748047359
-0.050946692503442546 0.05920558745891244
-0.048254298508666166 0.05864149743735336
-0.04556190451388978 0.09166182109780208
-0.04253296126976635 0.05744280614153677
-0.03984056727498997 0.09046312980198618
-0.03681162403086653 0.08982852852773004
-0.033782680786743104 0.055609513571464736
-0.031090286791966716 0.08862983723191414
-0.028061343547843287 0.08799523595765905
-0.025368949553066903 0.12101555961810813
-0.022340006308943474 0.15396537202586255
-0.01931106306482004 0.15333077075160711
-0.01594557057134956 0.11904124454264649
-0.01291662732722613 0.1519910569504009
-0.009887684083102699 0.15135645567614547
-0.006858740838979267 0.1507218544018898
-0.003829797594855835 0.183671666809644
-8.008543507324036E-4 0.18303706553538848
0.002228088893391028 0.21598687794314275
0.00525703213751446 0.21535227666888718
0.00828597538163789 0.21471767539463174
0.011314918625761323 0.21408307412037614
0.014343861869884754 0.2134484728461207
0.017372805114008186 0.24639828525387478
0.02040174835813162 0.24576368397961904
0.023094142352908 0.2787840076400687
0.026123085597031432 0.278149406365813
0.029152028841154864 0.24393039140954834
0.031844422835931245 0.27695071506999774
0.03487336608005468 0.2763161137957416
0.03756576007483106 0.2757520237741812
0.04025815406960745 0.3087723474346299
0.04295054806438383 0.30820825741306945
0.04564294205916022 0.3076441673915096
0.0483353360539366 0.3070800773699492
0.05069118079936593 0.3401709122830936
0.05338357479414232 0.30602240857952256
0.05573941953957165 0.3391132434926683
0.05809526428500099 0.3386196647238021
0.06045110903043032 0.33812608595493665
0.06247040452651261 0.3712874321207767
0.0644897000225949 0.404448778286616
0.06684554476802423 0.37037078583573996
0.06886484026410652 0.40353213200158
0.07088413576018882 0.3695246508033989
0.07256688200692404 0.4027565082219353
0.07458617750300633 0.4023334407057641
0.07626892374974158 0.40198088444228924
0.07795166999647682 0.401628328178813
0.07929786699386501 0.434930696850043
0.08098061324060025 0.40099372690455687

