0.04496984356046612 0.34136960357890944
0.04732568830589545 0.37446043849205385
0.05001808230067184 0.3403119347884828
0.05237392704610117 0.37340276970162717
0.05472977179153051 0.3729091909327624
0.05708561653695984 0.3724156121638969
0.05944146128238918 0.3719220333950321
0.061460756778471466 0.4050833795608714
0.06348005227455375 0.4382447257267108
0.06583589701998309 0.437751146957846
0.06751864326671833 0.47098300437637963
0.06953793876280062 0.4705599368602084
0.07155723425888291 0.4701368693440386
0.07323998050561814 0.46978431308056373
0.07492272675235338 0.5030161704990987
0.07660547299908863 0.5026636142356226
0.07828821924582387 0.5023110579721477
0.07963441624321206 0.5020290129613664
0.0806440639912532 0.5689863065673012
0.08232681023798843 0.5350493366218179
0.08333645798602958 0.5348378028637315
0.08468265498341777 0.5345557578529516
0.08569230273145892 0.5679286377768752
0.08670195047950006 0.5341326903367805
0.08737504897819416 0.5675760815134003
0.0883846967262353 0.5673645477553155
0.0890577952249294 0.5672235252499241
0.08939434447427645 0.6007374276792391
0.09006744297297055 0.5670119914918392
0.09074054147166465 0.5668709689864493
0.09074054147166465 0.6004553826684592
0.0910770907210117 0.5668004577337543
0.0910770907210117 0.6003848714157641
0.0910770907210117 0.6003848714157641
0.0910770907210117 0.6003848714157641
0.0910770907210117 0.5668004577337543
0.09074054147166465 0.6004553826684592
0.0904039922223176 0.5669414802391443
0.09006744297297055 0.5670119914918392
0.08939434447427645 0.5671530139972292
0.08872124597558236 0.5672940365026204
0.0883846967262353 0.5337801340733056
0.08737504897819416 0.5675760815134003
0.08636540123015302 0.5677876152714854
0.08535575348211187 0.5679991490295716
0.08434610573407073 0.5682106827876565
0.08333645798602958 0.5348378028637315
0.08199026098864139 0.5351198478745128
0.0806440639912532 0.5354018928852913
0.07929786699386501 0.5356839378960713
0.07761512074712977 0.5360364941595475
0.07626892374974158 0.5027341254883174
0.07458617750300633 0.5030866817517937
0.07290343125627109 0.4698548243332587
0.07122068500953586 0.47020738059673356
0.06920138951345357 0.4706304481129048
0.06718209401737128 0.4710535156290746
0.06516279852128899 0.4714765831452458
0.0631435030252067 0.4383152369794058
0.06112420752912442 0.40515389081356645
0.058768362783695086 0.4056474695824319
0.056749067287612795 0.3724861234165919
0.05439322254218346 0.37297970218545734
0.052037377796754124 0.3734732809543235
0.04934498380197774 0.37403737097588263
0.046989139056548404 0.34094653606273895
0.044296745061772023 0.3415106260842994
0.041604351066995636 0.3420747161058606
0.038911957072219255 0.34263880612741965
0.03621956307744287 0.30961848246697093
0.03352716908266649 0.31018257248853137
0.030834775087890103 0.2771622488280824
0.02780583184376667 0.31138126378434766
0.02477688859964324 0.31201586505860307
0.022084494604866858 0.2789955413981537
0.019055551360743425 0.27963014267240943
0.01636315736596704 0.24660981901196005
0.01333421412184361 0.2136600066042058
0.01030527087772018 0.21429460787846125
0.007276327633596747 0.21492920915271682
0.0042473843894733155 0.21556381042697234
0.001218441145349884 0.21619841170122786
-0.0018105020987735474 0.18324859929347365
-0.004839445342896979 0.1502987868857195
-0.00786838858702041 0.15093338815997495
-0.010897331831143843 0.11798357575222088
-0.013926275075267273 0.11861817702647631
-0.016955218319390706 0.11925277830073175
-0.01998416156351414 0.11988737957498753
-0.023013104807637567 0.0869375671672331
-0.026042048051761 0.08757216844148853
-0.028734442046537384 0.05455184478103947
-0.03176338529066081 0.05518644605529456
-0.0344557792854372 0.022166122394846194
-0.03748472252956063 0.02280072366910163
-0.04017711652433702 -0.010219599991348471
-0.043206059768460446 0.023999414964916838
-0.04556190451388978 -0.042675833630237414
-0.048590847758013214 -0.008456818673971411
-0.050946692503442546 -0.04154765358711579
-0.053639086498218934 -0.04098356356555602
-0.056331480492995314 -0.040419473543995554
-0.0590238744877717 -0.039855383522434396
-0.061379719233201034 -0.07294621843557877
-0.06373556397863037 -0.07245263966671328
-0.0660914087240597 -0.07195906089784848
-0.06844725346948904 -0.0714654821289823
-0.07080309821491838 -0.0709719033601161
-0.07282239371100066 -0.10413324952595754
-0.07484168920708295 -0.10371018200978632
-0.07686098470316524 -0.13687152817562498
-0.07888028019924753 -0.13644846065945515
-0.08089957569532982 -0.13602539314328393
-0.08258232194206505 -0.13567283687981047
-0.0842650681888003 -0.13532028061633422
-0.08594781443553554 -0.16855213803486924
-0.08763056068227078 -0.168199581771393
-0.08897675767965897 -0.1679175367606131
-0.09032295467704717 -0.16763549174983183
-0.09166915167443535 -0.2009378604210632
-0.09301534867182354 -0.16707140172827206
-0.09402499641986468 -0.20044428165219702
-0.09537119341725288 -0.16657782295940726
-0.09604429191594697 -0.2000212141360258
-0.09705393966398812 -0.1998096803779409
-0.09772703816268222 -0.19966865787255095
-0.09840013666137631 -0.23311204904917088
-0.09907323516007041 -0.19938661286177106
-0.09940978440941746 -0.23290051529108458
-0.10008288290811156 -0.23275949278569463
-0.10008288290811156 -0.23275949278569463
-0.10041943215745859 -0.23268898153300105
-0.10075598140680564 -0.23261847028030608
-0.10075598140680564 -0.23261847028030608
-0.10075598140680564 -0.1990340565982962
-0.10041943215745859 -0.23268898153300105
-0.10008288290811156 -0.23275949278569463
-0.09974633365876451 -0.2328300040383896
-0.09940978440941746 -0.23290051529108458
-0.09907323516007041 -0.19938661286177106
-0.09840013666137631 -0.199527635367161
-0.09739048891333517 -0.2333235828072558
-0.09671739041464107 -0.19988019163063586
-0.09570774266659993 -0.20009172538872216
-0.09469809491855878 -0.23388767282881695
-0.09368844717051764 -0.200514792904892
-0.09267879942247649 -0.2007263266629769
-0.0913326024250883 -0.20100837167375818
-0.09032295467704717 -0.16763549174983183
-0.08864020843031192 -0.16798804801330808
-0.08729401143292373 -0.16827009302408796
-0.08561126518618849 -0.1686226492875642
-0.08392851893945324 -0.1353907918690292
-0.082245772692718 -0.13574334813250544
-0.08022647719663573 -0.13616641564867388
-0.07854373094990048 -0.10293455823014025
-0.0765244354538182 -0.10335762574631008
-0.0745051399577359 -0.1037806932624813
-0.07248584446165361 -0.10420376077865251
-0.07012999971622429 -0.10469733954751592
-0.068110704220142 -0.07153599338167727
-0.06575485947471266 -0.07202957215054345
-0.06339901472928332 -0.03893873723739838
-0.061043169983853986 -0.03943231600626387
-0.058350775989077605 -0.03999640602782434
-0.055994931243648266 -0.040489984796690526
-0.053302537248871885 -0.007469661136241118
-0.0506101432540955 -0.008033751157802277
-0.04791774925931912 -0.008597841179361354
-0.04522535526454274 0.024422482481088054
-0.04253296126976635 0.023858392459526895
-0.03984056727498997 0.0568787161199763
-0.03681162403086653 0.0226597011637103
-0.033782680786743104 0.02202509988945625
-0.031090286791966716 0.05504542354990462
-0.028397892797190336 0.08806574721035403
-0.025368949553066903 0.08743114593609859
-0.022340006308943474 0.08679654466184315
-0.01931106306482004 0.11974635706959724
-0.01628211982069661 0.11911175579534164
-0.013253176576573178 0.1184771545210862
-0.010224233332449746 0.11784255324683059
-0.007195290088326315 0.15079236565458493
-0.004502896093549931 0.1838126893150341
-0.0011374036000794516 0.18310757678808356
0.00189153964404398 0.18247297551382805
0.0049204828881674115 0.18183837423957255
0.007949426132290844 0.18120377296531684
0.010978369376414275 0.21415358537307128
0.013670763371190659 0.24717390903352032
0.01669970661531409 0.2465393077592651
0.019728649859437522 0.24590470648500928
0.022421043854213906 0.3125094438274682
0.025449987098337335 0.27829042887120325
0.028478930342460768 0.2776558275969482
0.03117132433723715 0.3106761512573973
0.033863718332013536 0.3436964749178463
0.036556112326789916 0.34313238489628584
0.039248506321566304 0.3425682948747247
0.041940900316342684 0.3755886185351741

