0.014343861869884754 0.9858899875323447
0.016026608116619993 1.0191218449508794
0.017036255864661138 1.119663552238823
0.018045903612702283 1.1866208458447571
0.019392100610090474 1.253507628197996
0.020738297607478664 1.320394410551236
0.022084494604866858 1.3872811929044746
0.023767240851602096 1.45409746400502
0.02477688859964324 1.5210547576109532
0.026123085597031432 1.5879415399641936
0.027469282594419626 1.654828322317432
0.028815479591807816 1.721715104670671
0.030161676589196006 1.822186300705921
0.03117132433723715 1.8555591806298444
0.032180972085278294 1.9561008879177895
0.033863718332013536 2.022917159018333
0.03487336608005468 2.1234588663062763
0.03621956307744287 2.190345648659517
0.03756576007483106 2.290816844694765
0.03857540782287221 2.3241897246186904
0.0399216048202604 2.391076506971929
0.04126780181764859 2.4915477030071793
0.04261399881503678 2.5584344853604177
0.043960195812424975 2.6253212677136575
0.04496984356046612 2.6922785613195908
0.04631604055785431 2.7591653436728314
0.0476622375552425 2.85963653970808
0.049008434552630695 2.9265233220613185
0.05035463155001889 2.9934101044145582
0.05136427929806003 3.0603673980204924
0.05237392704610117 3.160909105308437
0.053720124043489366 3.2277958876616752
0.05506632104087756 3.3282670836969235
0.0560759687889187 3.428808790984869
0.05708561653695984 3.4621816709087927
0.05843181353434804 3.5290684532620324
0.05977801053173623 3.629539649297281
0.06078765827977737 3.662912529221207
0.05944146128238918 3.629610160549976
0.05809526428500099 3.5627233781967376
0.05708561653695984 3.4621816709087927
0.05573941953957165 3.428879302237564
0.05472977179153051 3.3283375949496183
0.05338357479414232 3.26145081259638
0.052037377796754124 3.1609796165611317
0.05069118079936593 3.0940928342078924
0.04968153305132479 3.0271355406019578
0.0483353360539366 2.926664344566708
0.046989139056548404 2.893361975895479
0.04564294205916022 2.7928907798602305
0.044296745061772023 2.7260039975069907
0.04328709731373088 2.659046703901057
0.041940900316342684 2.5921599215478173
0.04093125256830154 2.491618214259874
0.03958505557091335 2.4247314319066335
0.03823885857352516 2.3242602358713853
0.03722921082548401 2.29088735594746
0.035883013828095826 2.224000573594221
0.03453681683070763 2.1235293775589725
0.03319061983331944 2.056642595205733
0.031844422835931245 1.9897558128524944
0.030834775087890103 1.8892141055645493
0.02982512733984896 1.8222568119586156
0.028478930342460768 1.7217856159233658
0.02679618409572553 1.6885537585048318
0.025786536347684384 1.5880120512168885
0.024440339350296193 1.5211252688636483
0.023430691602255048 1.4541679752577148
0.022084494604866858 1.3872811929044746
0.02040174835813162 1.3204649218039308
0.019055551360743425 1.2535781394506922
0.017709354363355235 1.1866913570974524
0.017036255864661138 1.0860791385568134
0.015690058867272948 1.0191923562035738
0.014343861869884754 0.9523055738503348
0.012997664872496562 0.8854187914970958
0.01165146787510837 0.8185320091438564
0.010641820127067226 0.7515747155379221
0.009295623129679034 0.6846879331846828
0.0076128768829437955 0.6514560757661483
0.0062666798855556035 0.5509848797308994
0.0049204828881674115 0.4840980973776601
0.003910835140126268 0.4171408037717258
0.002564638142738076 0.3502540214184866
0.001218441145349884 0.2833672390652474
-1.277558520383077E-4 0.18289604302999837
-0.0018105020987735474 0.1496641856114639
-0.0028201498468146914 0.04912247832351991
-0.003829797594855835 -0.0178348152824144
-0.0055125438415910746 -0.01748225901893911
-0.006858740838979267 -0.11795345505418807
-0.008204937836367459 -0.1848402374074274
-0.00955113483375565 -0.2517270197606666
-0.010560782581796794 -0.31868431336660086
-0.012243528828532035 -0.3855005844671449
-0.013589725825920225 -0.4523873668203844
-0.014935922823308417 -0.5192741491736237
-0.01628211982069661 -0.5861609315268628
-0.017628316818084803 -0.6530477138801019
-0.018974513815472993 -0.6863500825513315
-0.020320710812861183 -0.7532368649045711
-0.021666907810249377 -0.8537080609398198
-0.023349654056984616 -0.8869399183583544
-0.02435930180502576 -0.953897211964288
-0.02570549880241395 -1.020783994317528
-0.027051695799802145 -1.0876707766707665
-0.028397892797190336 -1.154557559024007
-0.030080639043925574 -1.2213738301245507
-0.031426836041313765 -1.2882606124777893
-0.03243648378935491 -1.3216334924017143
-0.033782680786743104 -1.4221046884369626
-0.0351288777841313 -1.4889914707902026
-0.03681162403086653 -1.5222233282087367
-0.038157821028254726 -1.5891101105619767
-0.03916746877629587 -1.6560674041679102
-0.04085021502303111 -1.6892992615864446
-0.0421964120204193 -1.7897704576216944
-0.043542609017807495 -1.8566572399749328
-0.04522535526454274 -1.9234735110754762
-0.046235003012583875 -1.9568463909994018
-0.04791774925931912 -1.9900782484179356
-0.04926394625670731 -2.0905494444531856
-0.0506101432540955 -2.1574362268064244
-0.05195634025148369 -2.224323009159663
-0.053302537248871885 -2.257625377830893
-0.05464873424626008 -2.324512160184131
-0.055994931243648266 -2.391398942537372
-0.05734112824103646 -2.49187013857262
-0.0590238744877717 -2.525101995991154
-0.06037007148515989 -2.5919887783443945
-0.061379719233201034 -2.6589460719503277
-0.06272591623058922 -2.7258328543035684
-0.06440866247732446 -2.759064711722102
-0.06575485947471266 -2.825951494075342
-0.0667645072227538 -2.8929087876812756
-0.068110704220142 -2.993379983716524
-0.06945690121753019 -3.0266823523877537
-0.07046654896557134 -3.093639645993689
-0.06912035196818314 -3.0267528636404486
-0.06777415497079495 -2.95986608128721
-0.0667645072227538 -2.8929087876812756
-0.06541831022536561 -2.826022005328037
-0.06407211322797741 -2.759135222974797
-0.06238936698124217 -2.7259033655562632
-0.061043169983853986 -2.659016583203024
-0.06003352223581284 -2.5920592895970893
-0.058687325238424654 -2.52517250724385
-0.05734112824103646 -2.4247013112086004
-0.055994931243648266 -2.391398942537372
-0.05431218499691303 -2.3245826714368265
-0.05296598799952484 -2.257695889083588
-0.05195634025148369 -2.1907385954776544
-0.0506101432540955 -2.1238518131244146
-0.04892739700736026 -2.0906199557058804
-0.04758120000997207 -1.9901487596706304
-0.046235003012583875 -1.9568463909994018
-0.04522535526454274 -1.8898890973934663
-0.043542609017807495 -1.823072826292923
-0.04185986277107225 -1.7898409688743893
-0.04051366577368406 -1.7229541865211495
-0.03883091952694882 -1.656137915420605
-0.03782127177890768 -1.5891806218146718
-0.03681162403086653 -1.5222233282087367
-0.0351288777841313 -1.4554070571081927
-0.033782680786743104 -1.3885202747549528
-0.03209993454000786 -1.3217040036544094
-0.031090286791966716 -1.2883311237304844
-0.030080639043925574 -1.1877894164425407
-0.028397892797190336 -1.154557559024007
-0.027051695799802145 -1.0540863629887567
-0.02570549880241395 -0.9871995806355183
-0.02435930180502576 -0.920312798282278
-0.023013104807637567 -0.8870104296110495
-0.021666907810249377 -0.8201236472578098
-0.01998416156351414 -0.7533073761572656
-0.018637964566125945 -0.6864205938040265
-0.017628316818084803 -0.619463300198092
-0.01628211982069661 -0.5525765178448532
-0.01459937357396137 -0.5193446604263185
-0.013253176576573178 -0.4524578780730792
-0.011906979579184986 -0.35198668203783035
-0.010560782581796794 -0.28509989968459115
-0.00955113483375565 -0.21814260607865688
-0.00786838858702041 -0.18491074866012236
-0.006522191589632219 -0.11802396630688311
-0.005175994592244027 -0.05113718395364387
-0.003829797594855835 0.015749598399595298
-0.0034932483455087874 0.049263500828910026
-0.0031566990961617394 0.015608575894205225
-0.0031566990961617394 0.015608575894205225
-0.0031566990961617394 0.015608575894205225
-0.0031566990961617394 0.015608575894205225
-0.0034932483455087874 0.049263500828910026
-0.0031566990961617394 0.015608575894205225
-0.0031566990961617394 0.015608575894205225
-0.0031566990961617394 0.015608575894205225
-0.0031566990961617394 0.015608575894205225
-0.0031566990961617394 0.015608575894205225
-0.0031566990961617394 0.015608575894205225
-0.0031566990961617394 0.015608575894205225

