-0.07787063245120639 -0.03590675337151045
-0.07551478770577705 -0.036400332140376634
-0.07349549220969476 -0.03682339965654785
-0.07147619671361248 -0.0036620534907064184
-0.06912035196818314 -0.004155632259572606
-0.0667645072227538 -0.004649211028438793
-0.06440866247732446 -0.005142789797303593
-0.06205281773189513 0.027948045115840786
-0.05969697298646579 0.0274544663469746
-0.05700457899168941 0.026890376325414134
-0.05431218499691303 0.02632628630385367
-0.05161979100213664 0.025762196282293898
-0.04892739700736026 0.025198106260733433
-0.046235003012583875 0.024634016239172274
-0.043542609017807495 0.05765433989962168
-0.04051366577368406 0.05701973862536555
-0.03782127177890768 0.056455648603806474
-0.03479232853478425 0.05582104732955104
-0.03209993454000786 0.0888413709899994
-0.029070991295884432 0.08820676971574432
-0.02637859730110805 0.12122709337619338
-0.023349654056984616 0.15417690578394747
-0.020320710812861183 0.15354230450969203
-0.016955218319390706 0.11925277830073175
-0.013926275075267273 0.11861817702647631
-0.010897331831143843 0.15156798943423058
-0.00786838858702041 0.15093338815997495
-0.004839445342896979 0.1502987868857195
-0.0018105020987735474 0.18324859929347365
0.001218441145349884 0.21619841170122786
0.0042473843894733155 0.21556381042697234
0.007276327633596747 0.21492920915271682
0.01030527087772018 0.21429460787846125
0.01333421412184361 0.2136600066042058
0.01636315736596704 0.2130254053299505
0.019055551360743425 0.27963014267240943
0.022084494604866858 0.2789955413981537
0.02511343784899029 0.2783609401238982
0.02814238109311372 0.24414192516763292
0.030834775087890103 0.2771622488280824
0.03352716908266649 0.31018257248853137
0.03621956307744287 0.30961848246697093
0.039248506321566304 0.3089838811927148
0.041940900316342684 0.30841979117115575
0.04463329431111907 0.3078557011495946
0.04732568830589545 0.3072916111280341
0.04968153305132479 0.3403824460411778
0.052037377796754124 0.3734732809543235
0.05472977179153051 0.33932477725075255
0.05708561653695984 0.33883119848188703
0.05944146128238918 0.33833761971302223
0.061460756778471466 0.4050833795608714
0.06348005227455375 0.40466031204470093
0.06583589701998309 0.40416673327583613
0.06785519251606538 0.4037436657596649
0.06987448801214767 0.4033205982434951
0.07155723425888291 0.4365524556620287
0.07357652975496519 0.4361293881458589
0.07525927600170043 0.43577683188238403
0.07694202224843567 0.4354242756189078
0.07862476849517092 0.43507171935543293
0.07997096549255911 0.46837408802666153
0.0813171624899473 0.46809204301588164
0.08266335948733548 0.5013944116871131
0.08400955648472368 0.46752795299432187
0.08501920423276482 0.5009008329182468
0.08602885198080597 0.5006892991601619
0.08737504897819416 0.5004072541493807
0.0883846967262353 0.46661130670928586
0.0890577952249294 0.5000546978859058
0.0897308937236235 0.49991367538051446
0.0904039922223176 0.49977265287512457
0.09074054147166465 0.49970214162242954
0.09141363997035873 0.49956111911704093
0.09141363997035873 0.5331455327990509
0.09175018921970578 0.5330750215463559
0.09208673846905283 0.49942009661165104
0.09208673846905283 0.5330045102936609
0.09208673846905283 0.49942009661165104
0.09175018921970578 0.5330750215463559
0.09175018921970578 0.49949060786434607
0.09141363997035873 0.49956111911704093
0.0910770907210117 0.49963163036973457
0.0904039922223176 0.49977265287512457
0.09006744297297055 0.4662587504458096
0.08939434447427645 0.46639977295120094
0.0883846967262353 0.5001957203912957
0.08771159822754121 0.5003367428966857
0.08636540123015302 0.5006187879074656
0.08535575348211187 0.5008303216655519
0.08434610573407073 0.4674574417416269
0.08299990873668253 0.4677394867524082
0.08165371173929434 0.46802153176318806
0.08030751474190616 0.46830357677396656
0.07862476849517092 0.4686561330374428
0.07727857149778272 0.4689381780482227
0.07559582525104748 0.43570632062968906
0.07391307900431224 0.4360588768931639
0.072230332757577 0.43641143315664016
0.07021103726149472 0.4368345006728086
0.06819174176541243 0.4372575681889798
0.06617244626933014 0.40409622202314116
0.06415315077324785 0.404519289539311
0.061797306027818515 0.4050128683081765
0.05977801053173623 0.37185152214233713
0.05742216578630689 0.37234510091120193
0.05506632104087756 0.3728386796800674
0.05271047629544822 0.37333225844893225
0.05035463155001889 0.34024142353578785
0.0476622375552425 0.340805513557349
0.04530639280981317 0.30771467864420465
0.04261399881503678 0.30827876866576437
0.0399216048202604 0.30884285868732486
0.03722921082548401 0.27582253502687615
0.034200267581360584 0.31004154998314143
0.0315078735865842 0.2770212263226927
0.028815479591807816 0.24400090266224334
0.025786536347684384 0.2782199176185083
0.022757593103560955 0.27885451889276336
0.02006519910878457 0.24583419523231434
0.01669970661531409 0.2465393077592651
0.014007312620537705 0.24710339778082555
0.011314918625761323 0.18049866043836643
0.007949426132290844 0.2147881866473267
0.00525703213751446 0.1817678629868774
0.00189153964404398 0.21605738919583778
-0.0011374036000794516 0.18310757678808356
-0.004166346844202883 0.1837421780623391
-0.007195290088326315 0.15079236565458493
-0.010224233332449746 0.1514269669288403
-0.013253176576573178 0.1184771545210862
-0.01628211982069661 0.11911175579534164
-0.01931106306482004 0.11974635706959724
-0.022340006308943474 0.12038095834385303
-0.025368949553066903 0.08743114593609859
-0.028397892797190336 0.08806574721035403
-0.031090286791966716 0.05504542354990462
-0.03411923003609015 0.08926443850616958
-0.03714817328021358 0.08989903978042502
-0.03984056727498997 0.0568787161199763
-0.0428695105191134 0.05751331739423174
-0.04556190451388978 0.058077407415792204
-0.048254298508666166 0.02505708375534349
-0.050946692503442546 0.025621173776902567
-0.053639086498218934 0.026185263798463726
-0.056331480492995314 0.02674935382002419
-0.058687325238424654 -0.006341481093119494
-0.061379719233201034 -0.005777391071559029
-0.06373556397863037 -0.005283812302693536
-0.0660914087240597 -0.03837464721583861
-0.06844725346948904 -0.004296654764962549
-0.07080309821491838 -0.037387489678106234
-0.07282239371100066 -0.07054883584394767
-0.07517823845643 -0.036470843393071606
-0.07719753395251229 -0.03604777587690039
-0.07921682944859458 -0.03562470836073056
-0.08123612494467686 -0.03520164084456073
-0.0829188711914121 -0.06843349826309575
-0.08460161743814734 -0.0680809419996195
-0.08628436368488258 -0.10131279941815452
-0.08796710993161783 -0.10096024315467828
-0.08964985617835307 -0.06702327320919355
-0.09099605317574125 -0.06674122819841366
-0.09234225017312944 -0.06645918318763377
-0.09368844717051764 -0.06617713817685389
-0.09469809491855878 -0.09955001810077746
-0.09570774266659993 -0.09933848434269255
-0.09671739041464107 -0.09912695058460763
-0.09772703816268222 -0.09891541682652133
-0.09873668591072336 -0.09870388306843642
-0.09940978440941746 -0.09856286056304647
-0.10008288290811156 -0.09842183805765653
-0.10041943215745859 -0.13193574048697143
-0.10109253065615269 -0.09821030429957162
-0.10142907990549974 -0.09813979304687664
-0.10142907990549974 -0.13172420672888652
-0.10176562915484678 -0.09806928179418167
-0.10176562915484678 -0.13165369547619155
-0.10176562915484678 -0.13165369547619155
-0.10142907990549974 -0.13172420672888652
-0.10142907990549974 -0.13172420672888652
-0.10109253065615269 -0.09821030429957162
-0.10041943215745859 -0.13193574048697143
-0.10008288290811156 -0.09842183805765653
-0.09940978440941746 -0.13214727424505635
-0.09873668591072336 -0.09870388306843642
-0.09806358741202927 -0.09884490557382636
-0.09705393966398812 -0.09905643933191127
-0.09604429191594697 -0.09926797308999757
-0.09503464416790583 -0.09947950684808249
-0.09402499641986468 -0.06610662692415753
-0.09267879942247649 -0.09997308561694868
-0.0913326024250883 -0.10025513062772856
-0.08998640542770012 -0.06695276195649857
-0.08830365918096487 -0.1008897319019833
-0.08695746218357668 -0.0675873632307547
-0.08527471593684144 -0.06793991949422956
-0.0835919696901062 -0.034708062075695933
-0.0815726741940239 -0.06871554327387563
-0.07988992794728868 -0.03548368585534062

