0.014343861869884754 0.5492926096662181
0.016026608116619993 0.5489400534027429
0.017709354363355235 0.5821719108212772
0.019392100610090474 0.6489881819218214
0.021074846856825712 0.682220039340356
0.022421043854213906 0.7155224080115853
0.024103790100949145 0.7487542654301204
0.025786536347684384 0.7819861228486543
0.02780583184376667 0.8151474690144933
0.029152028841154864 0.8820342513677332
0.030834775087890103 0.8816816951042573
0.032180972085278294 0.9485684774574974
0.033863718332013536 0.9818003348760311
0.03554646457874878 1.0486166059765745
0.03722921082548401 1.0818484633951102
0.038911957072219255 1.0814959071316341
0.04025815406960745 1.1483826894848739
0.041940900316342684 1.181614546903408
0.04362364656307793 1.2148464043219431
0.04564294205916022 1.2480077504877818
0.04732568830589545 1.2812396079063162
0.0483353360539366 1.3146124878302412
0.05035463155001889 1.3477738339960799
0.051700828547407075 1.4146606163493205
0.053720124043489366 1.4142375488331491
0.05506632104087756 1.481124331186389
0.056412518038265747 1.5144266998576184
0.05809526428500099 1.5476585572761534
0.05977801053173623 1.580890414694687
0.06112420752912442 1.681361610729936
0.06348005227455375 1.680868031961072
0.0644897000225949 1.7142409118849955
0.06617244626933014 1.7474727693035303
0.06785519251606538 1.8142890404040741
0.06953793876280062 1.8475208978226076
0.07122068500953586 1.8807527552411427
0.072230332757577 1.9477100488470775
0.07391307900431224 1.9809419062656124
0.07593237450039453 1.9805188387494415
0.07727857149778272 2.047405621102681
0.07626892374974158 2.0140327411787564
0.07458617750300633 1.9808008837602227
0.07290343125627109 1.9139846126596776
0.07155723425888291 1.8806822439884479
0.07021103726149472 1.8473798753172177
0.06819174176541243 1.814218529151379
0.06650899551867719 1.780986671732844
0.06482624927194194 1.7477548143143105
0.0638166015239008 1.680797520708377
0.06213385527716556 1.6139812496078314
0.06045110903043032 1.5807493921892977
0.05843181353434804 1.5811724597054668
0.056749067287612795 1.547940602286933
0.0554028702902246 1.4810538199336947
0.053720124043489366 1.481406376197169
0.05237392704610117 1.4145195938439306
0.05035463155001889 1.3813582476780897
0.048671885303283646 1.3481263902595562
0.04732568830589545 1.314824021588326
0.04597949130850726 1.2479372392350876
0.043960195812424975 1.2483603067512568
0.04227744956568973 1.2151284493327232
0.0405947033189545 1.148312178232179
0.038911957072219255 1.148664734495654
0.03756576007483106 1.1153623658244252
0.035883013828095826 1.0485460947238796
0.034200267581360584 1.0153142373053459
0.03251752133462534 0.9820823798868109
0.030834775087890103 0.948850522468277
0.02982512733984896 0.8818932288623432
0.02780583184376667 0.8487318826965031
0.026123085597031432 0.8155000252779692
0.024440339350296193 0.7822681678594339
0.022757593103560955 0.7490363104408999
0.02141139610617276 0.7157339417696705
0.019728649859437522 0.6825020843511359
0.018045903612702283 0.6492702269326013
0.01669970661531409 0.5823834445793624
0.014680411119231802 0.5492220984135231
0.013670763371190659 0.48226480480758877
0.011988017124455418 0.48261736107106373
0.01030527087772018 0.41580108997051957
0.008622524630984939 0.38256923255198527
0.0069397783842496995 0.34933737513345087
0.00525703213751446 0.3161055177149163
0.003910835140126268 0.2828031490436869
0.00189153964404398 0.24964180287784757
2.0879339730874025E-4 0.21640994545931308
-0.0014739528494264996 0.18317808804077862
-0.0031566990961617394 0.11636181694023445
-0.004166346844202883 0.08298893701630988
-0.005849093090938123 0.04975707959777543
-0.007531839337673363 0.016525222179240937
-0.009214585584408602 -0.01670663523929347
-0.010897331831143843 -0.08352290633983767
-0.012243528828532035 -0.11682527501106713
-0.013926275075267273 -0.11647271874759192
-0.015609021322002512 -0.1832889898481363
-0.017291767568737754 -0.21652084726667029
-0.018974513815472993 -0.24975270468520497
-0.020657260062208232 -0.2829845621037396
-0.022003457059596426 -0.3162869307749689
-0.023686203306331664 -0.34951878819350324
-0.02570549880241395 -0.3826801343593429
-0.02738824504914919 -0.41591199177787724
-0.028734442046537384 -0.48279877413111566
-0.030080639043925574 -0.5161011428023461
-0.03176338529066081 -0.5493330002208799
-0.033446131537396055 -0.6161492713214249
-0.0351288777841313 -0.6493811287399586
-0.03681162403086653 -0.6826129861584943
-0.038157821028254726 -0.7159153548297229
-0.03984056727498997 -0.7491472122482564
-0.041523313521725204 -0.7823790696667922
-0.043542609017807495 -0.8155404158326309
-0.04488880601519569 -0.8488427845038609
-0.046235003012583875 -0.8821451531750901
-0.04791774925931912 -0.948961424275635
-0.04960049550605436 -0.9821932816941686
-0.05161979100213664 -0.981770214177998
-0.053302537248871885 -1.0485864852785418
-0.05464873424626008 -1.0818888539497715
-0.056331480492995314 -1.115120711368306
-0.05801422673973056 -1.1483525687868408
-0.05969697298646579 -1.1815844262053754
-0.061379719233201034 -1.2484006973059203
-0.06272591623058922 -1.2481186522951395
-0.06407211322797741 -1.3150054346483795
-0.0660914087240597 -1.3145823671322083
-0.06777415497079495 -1.3478142245507418
-0.06945690121753019 -1.4146304956512867
-0.07113964746426543 -1.4478623530698203
-0.07248584446165361 -1.447580308059042
-0.07416859070838885 -1.5143965791595853
-0.0758513369551241 -1.547628436578119
-0.07753408320185934 -1.6144447076786639
-0.07921682944859458 -1.6476765650971976
-0.08056302644598277 -1.6473945200864175
-0.082245772692718 -1.6806263775049526
-0.0835919696901062 -1.7475131598581926
-0.0829188711914121 -1.6804853549995626
-0.08123612494467686 -1.6472534975810291
-0.07955337869794163 -1.6140216401624927
-0.07820718170055344 -1.5807192714912641
-0.07618788620447114 -1.581142339007434
-0.0745051399577359 -1.5479104815889004
-0.07282239371100066 -1.5146786241703654
-0.07147619671361248 -1.4477918418171254
-0.07012999971622429 -1.4144894731458955
-0.068110704220142 -1.3813281269800568
-0.06642795797340675 -1.348096269561523
-0.06474521172667151 -1.314864412142988
-0.06339901472928332 -1.2479776297897496
-0.06205281773189513 -1.214675261118519
-0.06037007148515989 -1.1814434036999852
-0.058687325238424654 -1.114627132599441
-0.05700457899168941 -1.0813952751809062
-0.05532183274495417 -1.0481634177623727
-0.053639086498218934 -1.0485159740258467
-0.05195634025148369 -1.0152841166073132
-0.05027359400474845 -0.9820522591887794
-0.048590847758013214 -0.9152359880882338
-0.04690810151127797 -0.8820041306697002
-0.04556190451388978 -0.8487017619984716
-0.04387915826715454 -0.8154699045799358
-0.0421964120204193 -0.7822380471614023
-0.04051366577368406 -0.7490061897428673
-0.03883091952694882 -0.682189918642323
-0.03748472252956063 -0.6824719636531029
-0.03580197628282539 -0.6492401062345693
-0.03411923003609015 -0.5824238351340251
-0.03243648378935491 -0.5491919777154901
-0.03075373754261967 -0.515960120296956
-0.029070991295884432 -0.4827282628784208
-0.02772479429849624 -0.44942589420719214
-0.026042048051761 -0.3826096231066476
-0.02435930180502576 -0.3493777656881133
-0.02267655555829052 -0.31614590826957895
-0.02099380931155528 -0.2829140508510443
-0.01964761231416709 -0.24961168217981464
-0.017964866067431848 -0.21637982476128068
-0.01594557057134956 -0.183218478595441
-0.01459937357396137 -0.14991610992421134
-0.012580078077879081 -0.11675476375837215
-0.011570430329837938 -0.04979747015243785
-0.009887684083102699 -0.016565612733903355
-0.008204937836367459 0.01666624468463114
-0.006185642340285171 0.016243177168460705
-0.004839445342896979 0.08312995952170005
-0.003829797594855835 0.08291842576361479
-0.003829797594855835 0.11650283944562453
-0.003829797594855835 0.11650283944562453
-0.003829797594855835 0.08291842576361479
-0.003829797594855835 0.11650283944562453
-0.003829797594855835 0.11650283944562453
-0.003829797594855835 0.11650283944562453
-0.003829797594855835 0.11650283944562453
-0.003829797594855835 0.11650283944562453
-0.003829797594855835 0.11650283944562453
-0.003829797594855835 0.11650283944562453

