0.014007312620537705 0.8180384303749909
0.015690058867272948 0.8512702877935252
0.017036255864661138 0.9517414838287743
0.01838245286204933 0.9850438525000039
0.019392100610090474 1.0520011461059382
0.021074846856825712 1.118817417206482
0.022421043854213906 1.1857041995597217
0.024103790100949145 1.2189360569782557
0.025449987098337335 1.285822839331496
0.02645963484637848 1.3527801329374294
0.02814238109311372 1.3860119903559647
0.029488578090501913 1.4528987727092033
0.030834775087890103 1.519785555062442
0.03251752133462534 1.5866018261629873
0.033863718332013536 1.6199041948342159
0.03520991532940173 1.6867909771874556
0.036556112326789916 1.753677759540695
0.03790230932417811 1.8205645418939334
0.03958505557091335 1.8537963993124684
0.04093125256830154 1.9542675953477175
0.041940900316342684 1.9876404752716423
0.04362364656307793 2.054456746372186
0.04496984356046612 2.121343528725426
0.04631604055785431 2.188230311078665
0.0476622375552425 2.255117093431905
0.049008434552630695 2.2884194621031337
0.05035463155001889 2.355306244456373
0.051700828547407075 2.455777440491622
0.05304702554479527 2.5226642228448606
0.05439322254218346 2.5895510051981003
0.05573941953957165 2.62285337386933
0.056749067287612795 2.7233950811572742
0.05809526428500099 2.790281863510513
0.05977801053173623 2.8570981346110567
0.06112420752912442 2.9239849169642973
0.06213385527716556 2.9909422105702306
0.06348005227455375 3.057828992923471
0.06482624927194194 3.1247157752767096
0.06617244626933014 3.1580181439479396
0.06482624927194194 3.1247157752767096
0.06348005227455375 3.057828992923471
0.06213385527716556 2.9909422105702306
0.06112420752912442 2.9239849169642973
0.05977801053173623 2.823513720929047
0.05809526428500099 2.790281863510513
0.056749067287612795 2.7233950811572742
0.0554028702902246 2.656508298804035
0.05439322254218346 2.5895510051981003
0.05271047629544822 2.5563191477795657
0.051700828547407075 2.455777440491622
0.05001808230067184 2.388961169391078
0.048671885303283646 2.3220743870378384
0.0476622375552425 2.255117093431905
0.04631604055785431 2.188230311078665
0.04496984356046612 2.121343528725426
0.04328709731373088 2.0881116713068906
0.041940900316342684 1.9876404752716423
0.0405947033189545 1.9879225202824216
0.039248506321566304 1.8874513242471733
0.03790230932417811 1.8205645418939334
0.036556112326789916 1.753677759540695
0.03487336608005468 1.6868614884401507
0.03352716908266649 1.6535591197689208
0.03251752133462534 1.5866018261629873
0.030834775087890103 1.519785555062442
0.029488578090501913 1.4528987727092033
0.02814238109311372 1.3860119903559647
0.02679618409572553 1.3191252080027247
0.025449987098337335 1.285822839331496
0.023767240851602096 1.2525909819129606
0.022084494604866858 1.1857747108124168
0.020738297607478664 1.1188879284591768
0.019055551360743425 1.085656071040643
0.01838245286204933 0.9850438525000039
0.017036255864661138 0.9181570701467648
0.015353509617925898 0.8849252127282303
0.014007312620537705 0.8180384303749909
0.012661115623149515 0.7175672343397419
0.01165146787510837 0.6841943544158177
0.009968721628373131 0.6509624969972829
0.008622524630984939 0.5504913009620339
0.0069397783842496995 0.5172594435434995
0.0055935813868615075 0.45037266119026037
0.0042473843894733155 0.38348587883702107
0.002901187392085124 0.3501835101657915
0.001554990394696932 0.2832967278125523
-1.277558520383077E-4 0.2164804567120081
-0.0018105020987735474 0.18324859929347365
-0.0031566990961617394 0.11636181694023445
-0.004166346844202883 0.04940452333430014
-0.0055125438415910746 0.01610215466307059
-0.007195290088326315 -0.05071411643747352
-0.008541487085714507 -0.11760089879071269
-0.010224233332449746 -0.15083275620924735
-0.01123388108049089 -0.25137446349719134
-0.012580078077879081 -0.2846768321684208
-0.014262824324614322 -0.3514931032689648
-0.01594557057134956 -0.38472496068749956
-0.017291767568737754 -0.45161174304073864
-0.018637964566125945 -0.5184985253939778
-0.01998416156351414 -0.5518008940652072
-0.021666907810249377 -0.5850327514837418
-0.023349654056984616 -0.651849022584286
-0.02469585105437281 -0.7187358049375251
-0.02570549880241395 -0.785693098543459
-0.02738824504914919 -0.8189249559619943
-0.028734442046537384 -0.8858117383152329
-0.030417188293272623 -0.9190435957337681
-0.03176338529066081 -1.0195147917690168
-0.033446131537396055 -1.0527466491875506
-0.0344557792854372 -1.1197039427934854
-0.036138525532172436 -1.1529358002120196
-0.03748472252956063 -1.2198225825652595
-0.03916746877629587 -1.2866388536658029
-0.04051366577368406 -1.3199412223370337
-0.041523313521725204 -1.386898515942967
-0.043206059768460446 -1.4537147870435108
-0.04488880601519569 -1.4869466444620456
-0.046571552261930924 -1.52017850188058
-0.048254298508666166 -1.5869947729811233
-0.04926394625670731 -1.6539520665870584
-0.0506101432540955 -1.6872544352582877
-0.05229288950083074 -1.7540707063588326
-0.053639086498218934 -1.820957488712071
-0.05532183274495417 -1.8541893461306067
-0.056331480492995314 -1.92114663973654
-0.05801422673973056 -1.9543784971550737
-0.05969697298646579 -1.9876103545736092
-0.061043169983853986 -2.0544971369268477
-0.06272591623058922 -2.1213134080273934
-0.06407211322797741 -2.1882001903806323
-0.06541831022536561 -2.2215025590518622
-0.06710105647210085 -2.2547344164703955
-0.06844725346948904 -2.321621198823634
-0.07012999971622429 -2.354853056242169
-0.07181274596295951 -2.388084913660704
-0.07282239371100066 -2.4886266209486485
-0.0745051399577359 -2.4882740646851724
-0.0758513369551241 -2.5215764333564024
-0.0745051399577359 -2.4882740646851724
-0.07315894296034771 -2.421387282331934
-0.07181274596295951 -2.388084913660704
-0.07046654896557134 -2.3547825449894737
-0.06912035196818314 -2.2878957626362344
-0.0674376057214479 -2.221079491535691
-0.06575485947471266 -2.187847634117157
-0.06474521172667151 -2.120890340511222
-0.06306246547993627 -2.0876584830926883
-0.061379719233201034 -2.054426625674153
-0.06003352223581284 -1.9539554296389046
-0.058350775989077605 -1.9207235722203688
-0.05700457899168941 -1.8538367898671304
-0.05565838199430122 -1.8205344211959018
-0.05431218499691303 -1.7536476388426612
-0.05229288950083074 -1.7204862926768227
-0.050946692503442546 -1.6535995103235828
-0.04960049550605436 -1.6202971416523535
-0.048590847758013214 -1.5533398480464187
-0.04690810151127797 -1.4865235769458751
-0.04522535526454274 -1.4532917195273407
-0.043542609017807495 -1.4200598621088056
-0.0421964120204193 -1.3195886660735574
-0.041186764272378155 -1.252631372467624
-0.03950401802564292 -1.2193995150490882
-0.03782127177890768 -1.1861676576305547
-0.036475074781519484 -1.1192808752773147
-0.03479232853478425 -1.0860490178587805
-0.033446131537396055 -1.0527466491875506
-0.03209993454000786 -0.985859866834312
-0.030417188293272623 -0.9190435957337681
-0.029070991295884432 -0.852156813380528
-0.02738824504914919 -0.8189249559619943
-0.026042048051761 -0.7520381736087541
-0.025032400303719855 -0.6850808800028206
-0.023349654056984616 -0.651849022584286
-0.022003457059596426 -0.551377826549037
-0.020320710812861183 -0.5181459691305026
-0.018974513815472993 -0.484843600459273
-0.017628316818084803 -0.4179568181060338
-0.01594557057134956 -0.38472496068749956
-0.01459937357396137 -0.31783817833426
-0.01291662732722613 -0.251021907233716
-0.01123388108049089 -0.21779004981518166
-0.010224233332449746 -0.15083275620924735
-0.008878036335061554 -0.08394597385600801
-0.007195290088326315 -0.05071411643747352
-0.0055125438415910746 -0.01748225901893911
-0.004166346844202883 0.04940452333430014
-0.0034932483455087874 0.08284791451091977
-0.0034932483455087874 0.049263500828910026
-0.0034932483455087874 0.049263500828910026
-0.0034932483455087874 0.08284791451091977
-0.0034932483455087874 0.049263500828910026
-0.0034932483455087874 0.049263500828910026
-0.0034932483455087874 0.08284791451091977
-0.0034932483455087874 0.08284791451091977
-0.0034932483455087874 0.08284791451091977
-0.0034932483455087874 0.08284791451091977
-0.0034932483455087874 0.08284791451091977
-0.0034932483455087874 0.049263500828910026

